m	Vm
1	93306
2	29128
3	15402
4	10314
5	7349
6	5659
7	4528
8	3760
9	3182
10	2755
11	2364
12	2084
13	1805
14	1666
15	1474
16	1384
17	1251
18	1221
19	1038
20	949
21	920
22	845
23	793
24	755
25	718
26	630
27	615
28	615
29	592
30	511
31	512
32	485
33	462
34	461
35	387
36	382
37	381
38	358
39	360
40	358
41	276
42	269
43	303
44	312
45	288
46	295
47	271
48	249
49	199
50	225
51	243
52	205
53	208
54	228
55	212
56	185
57	176
58	182
59	192
60	165
61	145
62	146
63	173
64	151
65	153
66	143
67	143
68	159
69	151
70	140
71	109
72	130
73	122
74	113
75	129
76	118
77	106
78	107
79	101
80	113
81	95
82	112
83	93
84	96
85	89
86	82
87	89
88	94
89	89
90	95
91	76
92	72
93	83
94	101
95	71
96	86
97	64
98	87
99	81
100	68
101	71
102	82
103	79
104	77
105	72
106	61
107	67
108	63
109	55
110	60
111	72
112	60
113	60
114	66
115	55
116	45
117	48
118	54
119	57
120	48
121	58
122	49
123	48
124	62
125	41
126	50
127	51
128	53
129	36
130	49
131	40
132	32
133	49
134	33
135	33
136	36
137	46
138	41
139	48
140	41
141	26
142	45
143	37
144	41
145	42
146	48
147	34
148	46
149	38
150	35
151	26
152	48
153	39
154	23
155	34
156	38
157	29
158	31
159	26
160	26
161	32
162	30
163	26
164	28
165	21
166	30
167	25
168	28
169	34
170	38
171	21
172	45
173	30
174	39
175	21
176	23
177	22
178	15
179	27
180	27
181	29
182	33
183	19
184	35
185	22
186	20
187	21
188	22
189	30
190	22
191	16
192	21
193	29
194	21
195	22
196	17
197	28
198	29
199	20
200	16
201	15
202	14
203	15
204	26
205	16
206	21
207	18
208	23
209	17
210	21
211	20
212	15
213	14
214	17
215	26
216	17
217	17
218	22
219	13
220	17
221	16
222	14
223	22
224	21
225	20
226	18
227	16
228	11
229	17
230	5
231	21
232	20
233	20
234	19
235	17
236	14
237	23
238	20
239	11
240	20
241	15
242	20
243	17
244	21
245	14
246	8
247	13
248	13
249	14
250	23
251	11
252	19
253	16
254	8
255	16
256	15
257	7
258	13
259	15
260	12
261	10
262	15
263	13
264	10
265	13
266	18
267	10
268	17
269	19
270	12
271	13
272	8
273	10
274	15
275	15
276	10
277	7
278	9
279	11
280	12
281	11
282	14
283	12
284	12
285	13
286	9
287	14
288	14
289	10
290	10
291	16
292	7
293	10
294	15
295	15
296	11
297	7
298	7
299	6
300	12
301	8
302	10
303	10
304	9
305	10
306	11
307	6
308	15
309	3
310	11
311	9
312	6
313	14
314	9
315	12
316	11
317	11
318	5
319	7
320	8
321	9
322	13
323	10
324	6
325	11
326	8
327	6
328	7
329	11
330	10
331	7
332	5
333	11
334	8
335	11
336	8
337	8
338	11
339	13
340	3
341	9
342	10
343	7
344	11
345	8
346	4
347	9
348	8
349	12
350	10
351	7
352	5
353	12
354	9
355	5
356	10
357	7
358	9
359	5
360	11
361	8
362	7
363	5
364	6
365	6
366	9
367	7
368	6
369	5
370	10
371	7
372	7
373	11
374	4
375	7
376	2
377	7
378	7
379	5
380	9
381	4
382	4
383	6
384	9
385	5
386	2
387	6
388	6
389	8
390	4
391	9
392	2
393	4
394	13
395	11
396	4
397	6
398	9
399	7
400	6
401	6
402	7
403	8
404	2
405	6
406	5
407	7
408	9
409	6
410	6
411	7
412	3
413	7
414	6
415	7
416	4
417	6
418	8
419	6
420	7
421	3
422	3
423	4
424	4
425	4
426	3
427	4
428	7
429	5
430	6
431	3
432	5
433	6
434	8
435	4
436	2
437	5
438	5
439	5
440	5
441	8
442	6
443	6
444	2
445	4
446	7
447	5
448	4
449	2
450	5
451	3
452	5
453	7
454	2
455	1
456	7
457	4
458	4
459	1
460	2
461	5
462	4
463	5
464	4
465	4
466	3
467	5
468	3
469	3
470	4
471	3
472	5
473	3
474	5
475	4
476	2
477	6
478	5
479	4
480	4
481	4
483	8
484	5
485	3
486	4
487	6
488	4
489	2
490	6
491	2
492	8
493	4
494	5
495	5
496	3
497	1
498	3
499	5
500	2
501	1
502	3
503	3
504	2
505	1
506	4
507	2
508	4
509	3
510	3
511	5
512	2
513	4
514	4
515	1
516	6
517	5
518	1
519	3
520	4
521	7
522	3
523	3
524	7
525	3
526	5
527	2
528	2
529	8
530	6
531	3
532	3
533	2
534	1
535	4
536	1
537	4
538	4
539	8
540	4
541	5
542	1
543	3
544	4
545	3
546	1
547	3
548	2
549	1
550	2
551	4
552	1
553	3
554	2
555	4
556	2
557	3
558	3
559	5
560	4
561	1
562	2
563	3
564	1
565	4
566	6
567	3
568	2
569	4
570	4
571	1
572	5
573	2
574	2
575	4
576	1
577	2
578	6
579	4
580	4
581	3
582	6
583	2
584	7
585	3
586	1
587	3
588	3
589	4
590	2
591	5
592	3
593	2
594	4
595	2
596	6
597	3
598	3
599	4
600	5
601	2
602	2
603	5
604	3
605	4
607	4
608	1
609	4
610	2
611	4
612	5
613	5
614	3
615	1
616	1
617	4
618	4
619	4
620	4
621	8
622	1
623	3
624	2
625	4
626	1
627	2
628	6
629	4
630	2
631	1
632	4
633	2
634	6
635	1
636	1
637	1
638	4
640	1
641	1
642	4
643	6
644	2
645	2
646	1
647	1
648	2
649	2
650	4
651	2
652	2
653	3
654	3
655	3
656	6
657	3
658	4
660	3
661	3
662	3
664	2
665	3
666	2
667	1
668	2
669	3
670	2
671	2
672	3
673	3
674	1
675	1
676	2
677	1
678	2
679	2
681	2
682	2
683	1
684	2
685	2
686	2
687	3
688	1
689	2
690	5
691	2
692	1
693	2
694	2
695	1
696	1
698	4
699	1
700	4
701	1
702	8
703	5
704	1
705	1
707	1
708	1
709	3
710	1
711	3
712	1
713	2
714	2
715	2
716	6
717	4
718	3
719	2
720	3
721	2
722	1
723	4
724	2
725	3
727	4
728	1
729	2
730	1
731	4
732	1
734	2
735	2
736	5
737	2
739	2
740	1
741	2
742	5
743	3
745	1
746	4
747	5
748	1
749	1
750	3
751	3
754	2
756	2
757	2
758	3
759	1
761	3
762	4
763	1
764	1
765	1
766	3
767	2
768	3
769	3
770	1
771	1
772	1
774	2
775	2
776	2
777	5
780	2
781	2
782	1
783	1
784	1
785	2
787	3
788	3
789	2
791	1
792	3
794	3
795	1
796	1
798	2
799	3
800	1
801	1
802	1
803	1
804	2
807	4
812	1
815	2
816	1
817	2
818	2
819	2
821	1
822	2
823	1
824	3
825	1
826	1
827	3
828	3
829	1
831	2
832	1
833	1
834	3
836	2
837	3
839	5
840	1
841	2
843	2
844	1
845	1
846	1
849	2
850	4
851	2
852	1
854	1
855	1
856	2
858	2
859	1
860	3
861	2
862	3
863	1
864	3
866	2
867	5
868	1
869	1
871	2
872	1
874	2
875	4
876	2
877	2
878	1
880	1
882	2
883	2
884	1
885	1
886	1
887	4
888	1
891	2
893	1
894	3
895	1
896	2
898	1
899	2
900	2
901	1
903	1
904	3
905	1
906	1
907	1
908	2
909	1
912	1
914	2
915	1
918	3
920	1
922	3
923	1
924	2
925	2
926	1
927	2
929	3
930	1
931	2
932	1
933	2
935	2
937	2
938	1
939	4
940	1
942	1
944	2
945	4
947	3
948	3
949	3
950	2
951	1
952	2
953	2
954	2
956	1
957	2
958	1
959	4
961	4
962	2
963	1
964	2
965	2
966	2
967	4
971	2
972	1
973	1
974	4
975	3
977	2
979	3
980	2
981	1
983	2
984	1
985	1
986	2
988	1
990	1
991	1
992	1
993	1
995	3
996	2
997	1
998	3
1000	1
1002	2
1003	1
1004	2
1005	3
1006	2
1008	1
1009	1
1010	3
1011	2
1016	1
1017	1
1020	1
1021	2
1022	2
1023	2
1024	1
1025	2
1026	1
1029	2
1030	1
1032	2
1033	2
1034	3
1035	3
1036	1
1037	1
1039	2
1040	1
1041	2
1042	1
1043	2
1044	2
1045	2
1047	1
1049	2
1050	2
1051	2
1054	1
1055	1
1056	1
1060	2
1061	1
1062	1
1063	1
1065	1
1066	1
1068	1
1072	2
1074	2
1077	2
1078	1
1079	2
1080	1
1084	1
1085	1
1086	1
1087	2
1088	2
1089	1
1090	1
1091	3
1092	2
1094	1
1095	1
1096	2
1097	2
1098	1
1100	1
1101	1
1103	2
1104	1
1105	1
1106	2
1108	1
1110	1
1112	1
1113	1
1116	1
1117	1
1119	2
1120	1
1122	1
1123	2
1124	3
1126	1
1127	3
1129	2
1130	1
1131	1
1132	1
1134	2
1135	3
1136	1
1137	1
1138	2
1141	1
1142	2
1144	1
1145	1
1146	1
1147	1
1150	1
1151	1
1152	1
1153	1
1155	1
1156	1
1158	2
1159	1
1162	2
1163	1
1165	2
1166	1
1169	1
1170	3
1172	1
1173	2
1174	1
1175	2
1177	1
1178	1
1181	1
1183	2
1187	1
1189	2
1193	1
1194	2
1196	1
1197	4
1199	1
1200	1
1202	1
1205	3
1209	1
1210	1
1211	1
1215	1
1216	2
1217	1
1218	1
1219	1
1220	2
1222	1
1224	1
1227	1
1228	1
1229	2
1230	1
1233	2
1238	1
1239	3
1240	1
1241	2
1244	1
1246	2
1248	2
1249	4
1250	1
1251	3
1252	1
1253	1
1255	2
1256	1
1259	1
1260	1
1263	3
1264	1
1266	3
1267	1
1269	2
1270	1
1271	2
1272	1
1273	1
1274	1
1276	1
1278	1
1283	2
1287	1
1288	2
1289	1
1290	1
1291	2
1292	1
1294	1
1295	1
1300	2
1301	1
1303	1
1304	1
1305	2
1306	2
1307	3
1310	1
1311	1
1315	2
1316	1
1319	1
1321	1
1324	1
1325	1
1326	2
1330	1
1331	1
1332	2
1333	1
1334	1
1335	2
1336	1
1337	1
1338	2
1341	2
1342	4
1344	1
1348	1
1350	1
1353	2
1355	1
1356	1
1360	1
1365	2
1375	2
1376	2
1377	2
1378	1
1379	1
1388	1
1390	1
1393	1
1395	1
1396	2
1400	1
1402	1
1403	1
1404	2
1405	1
1407	2
1408	2
1409	1
1413	2
1417	1
1418	1
1420	1
1422	2
1423	1
1426	1
1427	1
1430	2
1432	2
1433	1
1434	1
1436	1
1437	4
1439	1
1441	1
1442	2
1443	1
1444	1
1449	1
1451	2
1453	1
1454	1
1458	1
1459	1
1462	2
1464	2
1465	1
1466	2
1469	1
1471	2
1474	1
1475	1
1476	1
1479	2
1482	1
1486	2
1488	1
1494	1
1497	2
1498	1
1500	1
1507	1
1509	1
1511	2
1512	1
1514	2
1515	1
1517	2
1518	1
1519	2
1522	1
1525	1
1526	2
1528	1
1534	1
1536	1
1539	1
1542	1
1544	1
1545	1
1546	1
1547	1
1549	1
1554	1
1555	1
1558	1
1564	2
1565	1
1567	1
1568	2
1572	1
1575	1
1576	2
1579	1
1580	1
1583	1
1586	2
1587	1
1590	1
1593	1
1594	1
1597	1
1600	1
1602	1
1604	1
1605	3
1606	1
1610	1
1611	2
1613	2
1619	1
1621	1
1624	1
1626	1
1628	1
1629	2
1631	1
1633	2
1634	2
1638	1
1642	1
1646	1
1650	1
1652	1
1656	1
1657	1
1658	1
1660	1
1663	1
1666	2
1667	1
1669	2
1678	1
1681	2
1682	2
1686	1
1691	1
1693	1
1697	1
1700	1
1701	1
1702	1
1703	1
1706	2
1708	1
1711	1
1719	1
1722	1
1724	2
1725	1
1726	1
1732	2
1739	1
1741	1
1743	1
1746	1
1747	1
1757	1
1762	2
1768	1
1770	1
1779	1
1781	1
1785	1
1786	1
1788	2
1794	1
1799	1
1800	1
1805	1
1806	2
1809	1
1812	1
1818	1
1820	3
1822	1
1823	2
1825	1
1826	1
1834	3
1835	1
1847	2
1851	1
1853	1
1854	1
1855	2
1856	1
1857	1
1858	1
1861	2
1862	1
1863	2
1866	1
1870	1
1871	1
1873	1
1876	1
1879	1
1882	2
1883	1
1888	1
1891	3
1897	1
1900	1
1902	1
1905	1
1907	1
1911	1
1914	1
1915	2
1919	1
1926	1
1927	1
1929	1
1930	3
1944	1
1946	2
1949	1
1951	1
1952	1
1957	1
1962	1
1964	1
1973	1
1976	2
1978	1
1981	1
1982	1
1983	1
1984	1
1985	1
1987	1
1990	1
1991	1
1999	1
2001	2
2008	2
2009	1
2010	1
2016	1
2028	1
2029	1
2036	1
2037	2
2038	1
2042	1
2043	2
2048	1
2049	1
2055	1
2056	1
2067	1
2068	2
2078	1
2087	1
2096	1
2099	1
2109	1
2111	1
2119	1
2122	1
2127	2
2130	1
2137	1
2141	1
2145	1
2152	1
2155	1
2158	1
2162	2
2167	1
2178	1
2181	2
2185	1
2186	1
2187	1
2190	1
2202	1
2204	1
2208	2
2209	1
2218	1
2220	1
2228	1
2233	1
2238	1
2244	1
2245	1
2249	1
2251	1
2253	1
2271	1
2273	1
2282	1
2284	1
2285	1
2287	1
2289	1
2290	2
2292	1
2306	1
2308	1
2309	1
2312	1
2314	1
2319	1
2321	1
2322	1
2324	1
2328	1
2329	2
2332	1
2334	1
2336	1
2337	1
2344	1
2356	1
2359	1
2367	1
2382	1
2383	1
2386	1
2391	2
2393	1
2394	1
2395	1
2397	1
2400	1
2402	1
2406	1
2413	1
2414	1
2418	1
2420	2
2428	2
2429	1
2432	1
2449	2
2453	1
2461	1
2465	3
2466	1
2468	1
2471	1
2472	1
2479	1
2485	1
2496	1
2497	1
2498	1
2504	1
2505	1
2521	1
2528	1
2535	1
2539	1
2540	1
2545	1
2549	2
2553	1
2557	1
2562	1
2566	1
2573	1
2576	1
2577	1
2580	1
2586	2
2609	1
2612	1
2626	1
2627	1
2637	1
2638	1
2641	1
2642	1
2660	1
2661	1
2663	1
2667	1
2681	1
2698	1
2704	1
2709	1
2723	2
2724	1
2734	1
2736	1
2740	1
2770	1
2774	2
2777	1
2784	1
2785	1
2815	1
2821	1
2839	1
2849	1
2860	1
2861	1
2862	1
2886	1
2887	1
2894	1
2896	1
2906	1
2926	1
2927	1
2934	1
2946	1
2948	1
2949	1
2967	1
2968	1
2972	1
2973	1
2979	1
2992	1
2993	1
2996	2
3002	1
3029	1
3035	1
3036	1
3038	1
3047	1
3057	1
3058	1
3065	1
3067	1
3074	2
3084	1
3105	1
3148	1
3149	1
3168	1
3182	1
3211	1
3217	1
3236	1
3245	1
3258	1
3268	1
3272	1
3289	1
3290	1
3293	1
3314	1
3315	1
3316	1
3329	1
3334	1
3338	1
3341	1
3345	1
3363	1
3364	1
3368	1
3374	1
3383	1
3385	1
3392	1
3401	1
3403	1
3413	1
3428	1
3439	1
3443	1
3444	1
3462	1
3477	1
3484	1
3488	1
3498	1
3502	1
3510	1
3534	1
3550	1
3554	1
3560	1
3561	1
3581	1
3584	2
3598	1
3600	1
3604	1
3617	1
3618	1
3619	1
3622	1
3667	1
3677	1
3688	1
3699	1
3708	1
3741	1
3772	1
3788	1
3817	1
3826	1
3867	1
3879	1
3880	1
3885	1
3918	1
3935	1
3940	1
3976	1
4005	1
4049	1
4057	1
4066	1
4067	1
4085	1
4186	1
4187	1
4197	1
4198	1
4213	1
4261	1
4282	1
4283	1
4289	1
4299	1
4324	1
4327	1
4363	1
4365	1
4368	1
4374	1
4383	1
4388	1
4409	1
4449	1
4460	1
4489	1
4514	1
4523	1
4529	1
4534	2
4536	1
4626	1
4635	2
4694	1
4711	1
4719	1
4733	1
4736	1
4739	1
4767	1
4771	1
4793	1
4814	1
4845	1
4862	1
4866	1
4867	1
4874	1
4877	1
4890	1
4945	1
4955	1
4977	1
5006	1
5013	1
5031	1
5053	1
5054	1
5081	1
5084	1
5102	1
5137	1
5144	1
5160	1
5208	1
5284	1
5303	1
5305	1
5335	1
5347	1
5352	1
5357	1
5390	1
5423	1
5461	1
5499	1
5525	1
5532	1
5541	1
5548	1
5637	1
5731	1
5741	1
5779	1
5818	1
5933	1
5948	1
5992	1
5994	1
6019	1
6034	1
6042	1
6044	1
6051	1
6061	1
6070	1
6088	1
6097	1
6102	1
6115	1
6191	1
6192	1
6316	1
6343	1
6354	1
6460	1
6480	1
6562	1
6640	1
6667	1
6678	1
6762	1
6888	1
6907	1
6932	1
6943	1
6947	1
6951	1
7013	1
7047	1
7066	1
7131	1
7157	1
7191	1
7235	1
7273	1
7357	1
7465	1
7508	1
7632	1
7662	1
7786	1
7788	1
7801	1
7837	1
7874	1
7949	1
8060	1
8068	1
8269	1
8294	1
8441	1
8456	1
8515	1
8521	1
8805	1
8885	1
9063	1
9147	2
9228	1
9283	1
9418	1
9592	1
9689	1
9756	1
9800	1
9890	1
10036	1
10249	1
10288	1
10473	1
10559	1
10671	1
11018	1
11537	1
11809	1
11966	1
11997	1
12023	1
12216	1
12238	1
12331	1
12348	1
12380	1
12423	1
12482	1
12980	1
13106	1
13111	1
13295	1
13317	1
13339	1
13394	1
13403	1
13696	1
13967	1
14171	1
14359	1
14611	1
14864	1
14876	1
15026	1
15267	1
15464	1
15661	1
16048	1
16165	1
16246	1
16412	1
16495	1
16788	1
16885	1
17099	1
17101	1
17423	1
17445	1
17450	1
18068	1
18122	1
18532	1
18562	1
20046	1
20207	1
20697	1
21253	1
21363	1
21697	1
22058	1
22770	1
23419	1
24591	1
25348	1
25432	1
26026	1
26696	1
26809	1
26860	1
27735	1
27770	1
28031	1
28460	1
30490	1
33802	1
34284	1
37026	1
44940	1
46804	1
54155	1
59280	1
59305	1
62757	1
66228	1
69113	1
69848	1
80404	1
105379	1
114017	1
149067	1
561110	1
