N	V	V1
1000	552	392
2000	867	561
3000	1095	677
4000	1276	766
5000	1616	967
6000	1920	1160
7000	2200	1332
8000	2428	1446
9000	2708	1621
10000	2877	1694
11000	3139	1877
12000	3335	1988
13000	3601	2163
14000	3810	2255
15000	3998	2349
16000	4197	2451
17000	4384	2562
18000	4557	2656
19000	4679	2692
20000	4869	2814
21000	4917	2714
22000	4950	2616
23000	4972	2436
24000	4980	2315
25000	4995	2202
26000	5031	2084
27000	5044	1952
28000	5060	1830
29000	5082	1766
30000	5096	1647
31000	5221	1676
32000	5320	1714
33000	5406	1763
34000	5535	1836
35000	5723	1970
36000	5970	2153
37000	6101	2223
38000	6215	2287
39000	6412	2439
40000	6580	2551
41000	6711	2625
42000	6821	2681
43000	6954	2757
44000	7032	2794
45000	7140	2854
46000	7267	2934
47000	7397	3024
48000	7475	3042
49000	7548	3064
50000	7587	3078
51000	7638	3097
52000	7735	3153
53000	7769	3154
54000	7782	3080
55000	7789	3038
56000	7792	2980
57000	7797	2902
58000	7814	2776
59000	7822	2635
60000	7837	2570
61000	7840	2509
62000	7850	2346
63000	7858	2239
64000	7861	2171
65000	7874	2083
66000	7887	2025
67000	7889	1961
68000	7895	1862
69000	7901	1793
70000	7906	1693
71000	7908	1643
72000	7914	1609
73000	7918	1583
74000	7923	1523
75000	7927	1483
76000	8037	1549
77000	8168	1642
78000	8299	1737
79000	8438	1834
80000	8609	1964
81000	8734	2061
82000	8841	2126
83000	8966	2205
84000	9167	2332
85000	9394	2510
86000	9600	2672
87000	9779	2789
88000	9941	2906
89000	10079	2988
90000	10440	3266
91000	10613	3382
92000	10707	3414
93000	10807	3449
94000	10957	3541
95000	11123	3657
96000	11309	3788
97000	11493	3901
98000	11678	4038
99000	11847	4155
100000	12003	4255
101000	12177	4371
102000	12351	4478
103000	12481	4551
104000	12646	4665
105000	12776	4744
106000	12928	4833
107000	13092	4937
108000	13227	5022
109000	13305	5060
110000	13389	5110
111000	13516	5182
112000	13688	5281
113000	13843	5387
114000	13997	5487
115000	14153	5585
116000	14362	5735
117000	14503	5831
118000	14600	5897
119000	14692	5949
120000	14774	5988
121000	14870	6043
122000	14969	6101
123000	15067	6159
124000	15149	6196
125000	15220	6233
126000	15285	6268
127000	15360	6297
128000	15450	6333
129000	15571	6419
130000	15657	6465
131000	15711	6491
132000	15804	6537
133000	15894	6585
134000	16001	6646
135000	16032	6650
136000	16084	6672
137000	16136	6683
138000	16191	6716
139000	16239	6729
140000	16313	6778
141000	16404	6829
142000	16475	6857
143000	16555	6885
144000	16641	6936
145000	16760	7018
146000	16879	7084
147000	16982	7136
148000	17111	7213
149000	17237	7279
150000	17372	7365
151000	17495	7432
152000	17654	7532
153000	17827	7626
154000	17953	7694
155000	18041	7689
156000	18178	7783
157000	18286	7858
158000	18387	7913
159000	18475	7962
160000	18570	8015
161000	18666	8062
162000	18752	8101
163000	18907	8181
164000	19012	8237
165000	19141	8308
166000	19240	8357
167000	19331	8406
168000	19407	8441
169000	19507	8466
170000	19555	8479
171000	19617	8507
172000	19675	8541
173000	19737	8576
174000	19894	8667
175000	20081	8782
176000	20235	8872
177000	20399	8975
178000	20573	9078
179000	20744	9183
180000	20834	9226
181000	20941	9289
182000	21023	9326
183000	21093	9359
184000	21149	9384
185000	21295	9468
186000	21455	9560
187000	21544	9606
188000	21548	9565
189000	21551	9511
190000	21660	9560
191000	21841	9674
192000	21975	9723
193000	22123	9802
194000	22250	9865
195000	22350	9920
196000	22439	9962
197000	22503	9978
198000	22602	10032
199000	22680	10063
200000	22757	10092
201000	22816	10114
202000	22879	10134
203000	22960	10161
204000	23030	10180
205000	23109	10206
206000	23205	10247
207000	23289	10265
208000	23367	10297
209000	23440	10321
210000	23496	10331
211000	23565	10343
212000	23604	10357
213000	23679	10395
214000	23746	10413
215000	23828	10453
216000	23892	10475
217000	23950	10485
218000	23994	10487
219000	24038	10507
220000	24088	10520
221000	24163	10548
222000	24221	10570
223000	24251	10576
224000	24289	10585
225000	24365	10625
226000	24424	10647
227000	24466	10675
228000	24528	10692
229000	24588	10712
230000	24615	10718
231000	24674	10748
232000	24729	10772
233000	24787	10795
234000	24838	10819
235000	24878	10820
236000	24913	10828
237000	24963	10843
238000	25013	10868
239000	25055	10889
240000	25097	10910
241000	25135	10927
242000	25162	10942
243000	25198	10961
244000	25226	10967
245000	25264	10985
246000	25328	11026
247000	25352	11025
248000	25390	11042
249000	25423	11057
250000	25457	11071
251000	25481	11079
252000	25497	11081
253000	25529	11093
254000	25615	11147
255000	25670	11170
256000	25744	11211
257000	25816	11240
258000	25888	11280
259000	25975	11322
260000	26036	11351
261000	26126	11391
262000	26159	11400
263000	26196	11409
264000	26222	11418
265000	26263	11428
266000	26293	11432
267000	26342	11449
268000	26386	11464
269000	26421	11469
270000	26448	11485
271000	26465	11491
272000	26497	11510
273000	26526	11512
274000	26567	11519
275000	26603	11538
276000	26645	11557
277000	26655	11556
278000	26676	11554
279000	26694	11559
280000	26715	11567
281000	26738	11577
282000	26760	11577
283000	26775	11581
284000	26809	11593
285000	26820	11588
286000	26837	11587
287000	26859	11595
288000	26914	11619
289000	26956	11635
290000	26996	11646
291000	27035	11662
292000	27094	11703
293000	27140	11724
294000	27209	11755
295000	27246	11760
296000	27274	11771
297000	27319	11793
298000	27353	11807
299000	27391	11828
300000	27433	11841
301000	27474	11857
302000	27512	11867
303000	27569	11884
304000	27616	11908
305000	27674	11933
306000	27733	11963
307000	27765	11979
308000	27810	11985
309000	27835	11992
310000	27865	11993
311000	27885	11999
312000	27911	12005
313000	27944	12020
314000	27968	12026
315000	27998	12036
316000	28029	12048
317000	28070	12072
318000	28101	12083
319000	28139	12111
320000	28188	12143
321000	28233	12175
322000	28271	12191
323000	28306	12210
324000	28335	12221
325000	28380	12247
326000	28423	12264
327000	28452	12270
328000	28495	12295
329000	28559	12322
330000	28639	12362
331000	28709	12394
332000	28768	12418
333000	28851	12461
334000	28927	12510
335000	29012	12553
336000	29061	12573
337000	29129	12617
338000	29171	12632
339000	29205	12635
340000	29258	12659
341000	29322	12693
342000	29367	12717
343000	29427	12740
344000	29482	12760
345000	29535	12779
346000	29561	12786
347000	29600	12800
348000	29643	12805
349000	29693	12827
350000	29741	12846
351000	29793	12871
352000	29852	12889
353000	29924	12922
354000	29977	12948
355000	30023	12961
356000	30052	12965
357000	30093	12978
358000	30127	12984
359000	30157	12988
360000	30194	12993
361000	30235	13006
362000	30293	13034
363000	30335	13042
364000	30379	13055
365000	30420	13072
366000	30475	13093
367000	30520	13106
368000	30551	13118
369000	30598	13142
370000	30640	13142
371000	30682	13157
372000	30721	13157
373000	30749	13170
374000	30792	13176
375000	30821	13189
376000	30859	13200
377000	30900	13217
378000	30939	13221
379000	30978	13241
380000	31020	13256
381000	31076	13286
382000	31114	13314
383000	31170	13349
384000	31215	13364
385000	31243	13370
386000	31274	13383
387000	31333	13424
388000	31356	13424
389000	31398	13439
390000	31427	13436
391000	31470	13461
392000	31503	13480
393000	31559	13510
394000	31608	13532
395000	31655	13544
396000	31696	13555
397000	31744	13569
398000	31785	13582
399000	31841	13616
400000	31901	13642
401000	31961	13672
402000	32012	13689
403000	32058	13704
404000	32093	13718
405000	32148	13732
406000	32183	13742
407000	32244	13766
408000	32271	13764
409000	32304	13775
410000	32320	13766
411000	32340	13769
412000	32359	13773
413000	32397	13794
414000	32419	13802
415000	32441	13806
416000	32458	13813
417000	32476	13813
418000	32500	13825
419000	32524	13836
420000	32535	13827
421000	32561	13830
422000	32602	13843
423000	32630	13851
424000	32676	13877
425000	32742	13909
426000	32772	13921
427000	32809	13935
428000	32859	13959
429000	32914	13980
430000	32941	13988
431000	32978	14009
432000	33034	14029
433000	33096	14056
434000	33124	14062
435000	33155	14072
436000	33181	14077
437000	33214	14085
438000	33244	14100
439000	33313	14122
440000	33337	14122
441000	33393	14143
442000	33414	14137
443000	33442	14139
444000	33450	14140
445000	33464	14144
446000	33477	14148
447000	33497	14160
448000	33514	14159
449000	33526	14162
450000	33536	14162
451000	33543	14163
452000	33555	14165
453000	33579	14174
454000	33590	14180
455000	33601	14178
456000	33621	14179
457000	33641	14180
458000	33658	14184
459000	33675	14188
460000	33709	14209
461000	33733	14215
462000	33746	14218
463000	33759	14226
464000	33767	14228
465000	33777	14232
466000	33784	14231
467000	33799	14238
468000	33812	14244
469000	33830	14249
470000	33844	14248
471000	33853	14252
472000	33870	14249
473000	33891	14246
474000	33919	14255
475000	33935	14250
476000	33952	14257
477000	33965	14262
478000	33975	14263
479000	33982	14262
480000	33988	14260
481000	34000	14269
482000	34013	14277
483000	34033	14284
484000	34075	14299
485000	34127	14329
486000	34163	14349
487000	34230	14376
488000	34275	14396
489000	34312	14404
490000	34333	14404
491000	34372	14422
492000	34410	14437
493000	34443	14447
494000	34472	14448
495000	34498	14462
496000	34524	14478
497000	34560	14497
498000	34654	14552
499000	34738	14610
500000	34771	14623
501000	34797	14632
502000	34836	14644
503000	34869	14655
504000	34887	14658
505000	34917	14667
506000	34940	14678
507000	34972	14695
508000	35015	14713
509000	35070	14732
510000	35112	14745
511000	35162	14766
512000	35182	14768
513000	35200	14767
514000	35225	14770
515000	35248	14779
516000	35277	14793
517000	35308	14814
518000	35338	14832
519000	35374	14849
520000	35399	14855
521000	35432	14864
522000	35471	14883
523000	35504	14887
524000	35534	14894
525000	35570	14905
526000	35696	14985
527000	35796	15053
528000	35843	15073
529000	35873	15092
530000	35896	15105
531000	35921	15110
532000	35932	15104
533000	35942	15104
534000	35951	15099
535000	35976	15103
536000	36004	15115
537000	36049	15131
538000	36092	15148
539000	36120	15159
540000	36142	15158
541000	36149	15160
542000	36163	15164
543000	36177	15169
544000	36207	15171
545000	36230	15182
546000	36270	15194
547000	36298	15200
548000	36328	15207
549000	36345	15206
550000	36374	15211
551000	36418	15223
552000	36441	15229
553000	36488	15248
554000	36540	15261
555000	36566	15275
556000	36595	15279
557000	36621	15293
558000	36631	15290
559000	36647	15298
560000	36687	15317
561000	36716	15320
562000	36747	15337
563000	36800	15359
564000	36847	15376
565000	36876	15389
566000	36904	15397
567000	36936	15401
568000	36958	15406
569000	36977	15409
570000	37018	15423
571000	37032	15420
572000	37104	15445
573000	37152	15459
574000	37222	15498
575000	37300	15544
576000	37379	15566
577000	37457	15598
578000	37558	15652
579000	37606	15666
580000	37648	15683
581000	37717	15708
582000	37768	15733
583000	37825	15739
584000	37867	15757
585000	37942	15795
586000	38035	15845
587000	38077	15865
588000	38144	15900
589000	38229	15940
590000	38385	16034
591000	38481	16078
592000	38600	16143
593000	38644	16157
594000	38700	16179
595000	38775	16215
596000	38874	16256
597000	38986	16313
598000	39063	16367
599000	39119	16384
600000	39153	16398
601000	39190	16423
602000	39234	16445
603000	39284	16476
604000	39328	16481
605000	39355	16493
606000	39393	16501
607000	39434	16517
608000	39468	16532
609000	39505	16543
610000	39542	16554
611000	39583	16577
612000	39618	16586
613000	39644	16588
614000	39679	16604
615000	39700	16606
616000	39752	16629
617000	39791	16642
618000	39820	16648
619000	39830	16644
620000	39855	16655
621000	39900	16672
622000	39943	16689
623000	39971	16702
624000	39998	16712
625000	40024	16729
626000	40044	16740
627000	40057	16738
628000	40101	16760
629000	40182	16816
630000	40244	16852
631000	40327	16898
632000	40360	16896
633000	40360	16855
634000	40360	16786
635000	40414	16804
636000	40471	16825
637000	40521	16845
638000	40581	16874
639000	40636	16867
640000	40678	16869
641000	40749	16899
642000	40807	16921
643000	40859	16948
644000	40887	16968
645000	40926	16978
646000	40972	16996
647000	41044	17039
648000	41101	17063
649000	41152	17085
650000	41198	17108
651000	41229	17114
652000	41250	17120
653000	41300	17133
654000	41347	17155
655000	41408	17178
656000	41456	17199
657000	41527	17236
658000	41592	17260
659000	41636	17277
660000	41688	17296
661000	41763	17339
662000	41844	17373
663000	41935	17415
664000	42030	17470
665000	42113	17507
666000	42165	17521
667000	42217	17543
668000	42253	17560
669000	42302	17593
670000	42340	17610
671000	42404	17652
672000	42487	17699
673000	42552	17733
674000	42623	17778
675000	42673	17789
676000	42721	17808
677000	42788	17832
678000	42837	17849
679000	42902	17880
680000	42989	17926
681000	43041	17936
682000	43088	17944
683000	43141	17978
684000	43198	17997
685000	43249	18021
686000	43300	18029
687000	43348	18059
688000	43400	18078
689000	43446	18099
690000	43492	18129
691000	43530	18143
692000	43574	18164
693000	43612	18180
694000	43634	18188
695000	43672	18209
696000	43700	18223
697000	43755	18245
698000	43825	18285
699000	43878	18317
700000	43923	18332
701000	43973	18350
702000	44027	18376
703000	44109	18421
704000	44167	18446
705000	44214	18471
706000	44268	18502
707000	44315	18526
708000	44359	18544
709000	44415	18568
710000	44468	18592
711000	44516	18619
712000	44569	18640
713000	44617	18660
714000	44679	18691
715000	44731	18716
716000	44764	18721
717000	44788	18726
718000	44818	18730
719000	44835	18739
720000	44864	18746
721000	44880	18745
722000	44922	18767
723000	44956	18777
724000	45045	18808
725000	45132	18856
726000	45179	18878
727000	45215	18893
728000	45243	18902
729000	45276	18914
730000	45301	18916
731000	45327	18923
732000	45390	18951
733000	45457	18987
734000	45521	19004
735000	45577	19033
736000	45660	19065
737000	45743	19104
738000	45790	19124
739000	45856	19152
740000	45898	19175
741000	45959	19207
742000	46004	19222
743000	46051	19240
744000	46100	19257
745000	46161	19284
746000	46197	19300
747000	46241	19324
748000	46291	19354
749000	46343	19386
750000	46394	19406
751000	46462	19449
752000	46488	19455
753000	46533	19478
754000	46562	19479
755000	46592	19490
756000	46615	19492
757000	46648	19511
758000	46666	19514
759000	46695	19522
760000	46736	19533
761000	46789	19552
762000	46835	19576
763000	46861	19588
764000	46905	19600
765000	46947	19616
766000	46978	19622
767000	47005	19626
768000	47024	19631
769000	47039	19635
770000	47051	19632
771000	47084	19632
772000	47105	19643
773000	47122	19645
774000	47146	19659
775000	47171	19663
776000	47193	19669
777000	47218	19675
778000	47243	19684
779000	47265	19696
780000	47282	19702
781000	47304	19706
782000	47320	19710
783000	47350	19729
784000	47369	19737
785000	47383	19743
786000	47392	19740
787000	47399	19737
788000	47418	19744
789000	47439	19750
790000	47455	19756
791000	47470	19760
792000	47491	19772
793000	47498	19763
794000	47515	19773
795000	47535	19779
796000	47546	19775
797000	47579	19794
798000	47626	19826
799000	47645	19834
800000	47662	19838
801000	47677	19832
802000	47700	19842
803000	47711	19839
804000	47728	19842
805000	47743	19850
806000	47758	19854
807000	47789	19870
808000	47813	19876
809000	47838	19885
810000	47863	19889
811000	47882	19891
812000	47902	19900
813000	47916	19899
814000	47934	19902
815000	47942	19899
816000	47963	19902
817000	47984	19906
818000	47999	19902
819000	48029	19914
820000	48050	19925
821000	48079	19940
822000	48102	19942
823000	48131	19951
824000	48174	19966
825000	48217	19985
826000	48238	19987
827000	48256	19986
828000	48287	19991
829000	48313	19991
830000	48341	20001
831000	48368	19999
832000	48399	20008
833000	48426	20016
834000	48454	20025
835000	48481	20034
836000	48538	20060
837000	48581	20074
838000	48595	20076
839000	48632	20082
840000	48672	20099
841000	48704	20113
842000	48716	20120
843000	48733	20123
844000	48749	20123
845000	48766	20131
846000	48780	20131
847000	48811	20141
848000	48837	20159
849000	48859	20167
850000	48881	20176
851000	48904	20193
852000	48912	20197
853000	48921	20194
854000	48940	20200
855000	48971	20219
856000	48996	20226
857000	49016	20223
858000	49035	20219
859000	49056	20216
860000	49082	20221
861000	49103	20224
862000	49121	20226
863000	49141	20231
864000	49178	20243
865000	49211	20237
866000	49246	20243
867000	49285	20254
868000	49313	20261
869000	49347	20263
870000	49386	20274
871000	49416	20280
872000	49451	20290
873000	49484	20299
874000	49521	20307
875000	49559	20312
876000	49589	20319
877000	49628	20332
878000	49659	20327
879000	49694	20333
880000	49740	20345
881000	49780	20349
882000	49816	20349
883000	49849	20358
884000	49888	20375
885000	49918	20383
886000	49960	20403
887000	50002	20420
888000	50035	20417
889000	50077	20432
890000	50133	20457
891000	50181	20474
892000	50242	20504
893000	50285	20520
894000	50330	20539
895000	50382	20560
896000	50427	20577
897000	50473	20595
898000	50521	20610
899000	50575	20628
900000	50617	20635
901000	50666	20660
902000	50707	20673
903000	50762	20692
904000	50806	20710
905000	50839	20723
906000	50876	20738
907000	50899	20749
908000	50929	20761
909000	50965	20777
910000	50985	20781
911000	51012	20796
912000	51031	20808
913000	51054	20806
914000	51079	20816
915000	51094	20820
916000	51108	20822
917000	51127	20832
918000	51169	20855
919000	51218	20880
920000	51237	20879
921000	51269	20887
922000	51310	20903
923000	51332	20898
924000	51353	20904
925000	51383	20915
926000	51424	20920
927000	51462	20941
928000	51505	20966
929000	51528	20973
930000	51546	20976
931000	51567	20984
932000	51584	20993
933000	51601	20998
934000	51621	21007
935000	51633	21001
936000	51660	21016
937000	51704	21037
938000	51720	21041
939000	51737	21039
940000	51765	21048
941000	51788	21051
942000	51807	21056
943000	51826	21060
944000	51847	21067
945000	51879	21080
946000	51907	21094
947000	51929	21101
948000	51961	21097
949000	51991	21108
950000	52014	21117
951000	52040	21123
952000	52063	21120
953000	52085	21125
954000	52104	21132
955000	52128	21141
956000	52145	21146
957000	52192	21168
958000	52222	21175
959000	52262	21183
960000	52299	21202
961000	52328	21213
962000	52353	21212
963000	52406	21229
964000	52462	21242
965000	52489	21237
966000	52532	21249
967000	52569	21267
968000	52637	21305
969000	52664	21307
970000	52692	21318
971000	52727	21332
972000	52783	21362
973000	52824	21383
974000	52849	21384
975000	52904	21392
976000	52934	21401
977000	52999	21435
978000	53022	21441
979000	53036	21449
980000	53057	21454
981000	53071	21453
982000	53093	21464
983000	53113	21464
984000	53129	21462
985000	53146	21455
986000	53162	21459
987000	53172	21456
988000	53188	21458
989000	53208	21458
990000	53230	21459
991000	53246	21462
992000	53264	21461
993000	53289	21466
994000	53309	21477
995000	53341	21491
996000	53374	21502
997000	53392	21501
998000	53406	21492
999000	53437	21503
1000000	53459	21509
1001000	53471	21509
1002000	53498	21513
1003000	53529	21518
1004000	53550	21518
1005000	53572	21525
1006000	53589	21534
1007000	53612	21540
1008000	53636	21545
1009000	53663	21550
1010000	53700	21566
1011000	53716	21566
1012000	53744	21573
1013000	53759	21573
1014000	53780	21574
1015000	53803	21576
1016000	53859	21606
1017000	53920	21637
1018000	53996	21678
1019000	54048	21698
1020000	54083	21713
1021000	54121	21724
1022000	54143	21727
1023000	54184	21746
1024000	54231	21772
1025000	54274	21798
1026000	54335	21828
1027000	54384	21855
1028000	54456	21890
1029000	54514	21929
1030000	54546	21939
1031000	54590	21963
1032000	54644	21996
1033000	54688	22013
1034000	54712	22013
1035000	54753	22035
1036000	54822	22076
1037000	54872	22100
1038000	54913	22115
1039000	54956	22135
1040000	55015	22168
1041000	55070	22190
1042000	55091	22196
1043000	55124	22206
1044000	55168	22223
1045000	55220	22237
1046000	55268	22263
1047000	55350	22308
1048000	55400	22335
1049000	55447	22354
1050000	55496	22373
1051000	55569	22426
1052000	55591	22434
1053000	55661	22467
1054000	55707	22484
1055000	55769	22517
1056000	55819	22544
1057000	55855	22553
1058000	55913	22582
1059000	55987	22625
1060000	56047	22642
1061000	56103	22666
1062000	56184	22719
1063000	56232	22738
1064000	56263	22732
1065000	56310	22753
1066000	56353	22764
1067000	56443	22800
1068000	56476	22803
1069000	56503	22804
1070000	56530	22806
1071000	56562	22806
1072000	56611	22826
1073000	56645	22834
1074000	56699	22850
1075000	56733	22872
1076000	56782	22892
1077000	56850	22933
1078000	56878	22938
1079000	56927	22969
1080000	56977	22981
1081000	57035	23014
1082000	57076	23030
1083000	57112	23044
1084000	57206	23093
1085000	57240	23102
1086000	57284	23109
1087000	57363	23167
1088000	57417	23197
1089000	57453	23210
1090000	57576	23282
1091000	57716	23355
1092000	57805	23385
1093000	57870	23416
1094000	57929	23447
1095000	58032	23499
1096000	58102	23533
1097000	58188	23579
1098000	58257	23603
1099000	58338	23635
1100000	58424	23680
1101000	58474	23683
1102000	58518	23689
1103000	58583	23733
1104000	58647	23752
1105000	58698	23775
1106000	58770	23815
1107000	58832	23831
1108000	58913	23853
1109000	58968	23866
1110000	59016	23884
1111000	59061	23888
1112000	59119	23906
1113000	59167	23915
1114000	59228	23938
1115000	59259	23936
1116000	59303	23955
1117000	59350	23981
1118000	59407	23997
1119000	59452	24012
1120000	59511	24037
1121000	59549	24046
1122000	59618	24078
1123000	59675	24098
1124000	59722	24117
1125000	59772	24145
1126000	59817	24170
1127000	59860	24176
1128000	59886	24178
1129000	59920	24193
1130000	59940	24197
1131000	59999	24209
1132000	60027	24207
1133000	60051	24219
1134000	60104	24243
1135000	60162	24275
1136000	60233	24315
1137000	60274	24330
1138000	60322	24346
1139000	60391	24381
1140000	60470	24422
1141000	60524	24441
1142000	60590	24468
1143000	60652	24487
1144000	60683	24486
1145000	60686	24453
1146000	60724	24470
1147000	60761	24480
1148000	60810	24503
1149000	60854	24524
1150000	60896	24538
1151000	60945	24560
1152000	60968	24553
1153000	61017	24581
1154000	61046	24595
1155000	61106	24627
1156000	61145	24645
1157000	61170	24653
1158000	61198	24657
1159000	61243	24674
1160000	61274	24685
1161000	61314	24707
1162000	61360	24727
1163000	61395	24744
1164000	61427	24756
1165000	61494	24793
1166000	61533	24808
1167000	61583	24833
1168000	61608	24842
1169000	61640	24852
1170000	61689	24867
1171000	61729	24880
1172000	61763	24887
1173000	61847	24909
1174000	61926	24947
1175000	61997	24978
1176000	62053	25006
1177000	62115	25037
1178000	62173	25066
1179000	62238	25101
1180000	62307	25120
1181000	62352	25131
1182000	62401	25148
1183000	62462	25170
1184000	62525	25202
1185000	62577	25221
1186000	62648	25248
1187000	62722	25280
1188000	62756	25283
1189000	62798	25293
1190000	62866	25316
1191000	62901	25324
1192000	62954	25352
1193000	63002	25374
1194000	63054	25399
1195000	63117	25428
1196000	63174	25451
1197000	63236	25474
1198000	63263	25482
1199000	63316	25499
1200000	63360	25515
1201000	63414	25543
1202000	63514	25611
1203000	63570	25627
1204000	63608	25637
1205000	63671	25655
1206000	63734	25681
1207000	63808	25718
1208000	63870	25738
1209000	63926	25758
1210000	63966	25770
1211000	64006	25790
1212000	64053	25795
1213000	64103	25807
1214000	64151	25824
1215000	64204	25845
1216000	64263	25882
1217000	64318	25901
1218000	64366	25918
1219000	64429	25939
1220000	64470	25941
1221000	64540	25961
1222000	64589	25974
1223000	64637	25978
1224000	64696	25995
1225000	64760	26025
1226000	64801	26043
1227000	64848	26056
1228000	64881	26076
1229000	64921	26094
1230000	64965	26110
1231000	64990	26108
1232000	65026	26124
1233000	65078	26142
1234000	65108	26153
1235000	65148	26171
1236000	65195	26187
1237000	65242	26211
1238000	65278	26219
1239000	65328	26243
1240000	65387	26271
1241000	65422	26281
1242000	65458	26289
1243000	65513	26315
1244000	65565	26333
1245000	65587	26339
1246000	65619	26355
1247000	65657	26375
1248000	65696	26402
1249000	65737	26419
1250000	65767	26433
1251000	65814	26452
1252000	65860	26476
1253000	65924	26515
1254000	65939	26520
1255000	65951	26524
1256000	66018	26550
1257000	66041	26557
1258000	66114	26603
1259000	66160	26623
1260000	66199	26636
1261000	66256	26666
1262000	66308	26698
1263000	66342	26703
1264000	66367	26705
1265000	66409	26728
1266000	66451	26749
1267000	66487	26760
1268000	66524	26770
1269000	66545	26768
1270000	66576	26782
1271000	66618	26797
1272000	66657	26813
1273000	66687	26829
1274000	66719	26840
1275000	66775	26880
1276000	66811	26897
1277000	66833	26892
1278000	66856	26902
1279000	66902	26916
1280000	66937	26937
1281000	67005	26973
1282000	67045	26985
1283000	67072	26997
1284000	67133	27030
1285000	67196	27057
1286000	67224	27070
1287000	67255	27077
1288000	67300	27093
1289000	67327	27106
1290000	67368	27127
1291000	67405	27144
1292000	67436	27162
1293000	67469	27181
1294000	67498	27189
1295000	67537	27201
1296000	67567	27204
1297000	67592	27218
1298000	67629	27234
1299000	67650	27240
1300000	67692	27255
1301000	67719	27260
1302000	67743	27266
1303000	67768	27272
1304000	67793	27285
1305000	67822	27295
1306000	67870	27317
1307000	67896	27329
1308000	67923	27347
1309000	67961	27367
1310000	67988	27380
1311000	68010	27392
1312000	68040	27397
1313000	68092	27433
1314000	68107	27430
1315000	68158	27456
1316000	68191	27464
1317000	68227	27473
1318000	68324	27540
1319000	68420	27595
1320000	68474	27627
1321000	68517	27643
1322000	68582	27684
1323000	68656	27723
1324000	68703	27743
1325000	68742	27757
1326000	68800	27782
1327000	68829	27792
1328000	68873	27816
1329000	68960	27856
1330000	69008	27879
1331000	69046	27895
1332000	69063	27904
1333000	69104	27910
1334000	69161	27937
1335000	69181	27945
1336000	69206	27943
1337000	69227	27939
1338000	69306	27974
1339000	69358	27995
1340000	69385	28005
1341000	69457	28041
1342000	69497	28058
1343000	69525	28068
1344000	69564	28092
1345000	69600	28107
1346000	69661	28145
1347000	69704	28157
1348000	69738	28164
1349000	69753	28166
1350000	69796	28180
1351000	69826	28186
1352000	69846	28193
1353000	69874	28200
1354000	69927	28228
1355000	69983	28262
1356000	70007	28269
1357000	70032	28272
1358000	70063	28278
1359000	70087	28281
1360000	70115	28295
1361000	70148	28300
1362000	70163	28302
1363000	70203	28326
1364000	70277	28365
1365000	70337	28387
1366000	70412	28430
1367000	70481	28473
1368000	70515	28473
1369000	70550	28487
1370000	70591	28505
1371000	70639	28527
1372000	70671	28534
1373000	70698	28546
1374000	70736	28567
1375000	70766	28583
1376000	70818	28611
1377000	70846	28621
1378000	70861	28617
1379000	70872	28615
1380000	70900	28620
1381000	70915	28622
1382000	70939	28633
1383000	70998	28660
1384000	71033	28675
1385000	71068	28689
1386000	71117	28721
1387000	71164	28743
1388000	71225	28768
1389000	71262	28782
1390000	71297	28796
1391000	71328	28811
1392000	71375	28837
1393000	71409	28847
1394000	71438	28856
1395000	71465	28860
1396000	71500	28878
1397000	71525	28881
1398000	71585	28899
1399000	71617	28899
1400000	71660	28930
1401000	71687	28928
1402000	71736	28959
1403000	71776	28977
1404000	71830	29005
1405000	71860	29007
1406000	71905	29024
1407000	71946	29035
1408000	71984	29048
1409000	72022	29057
1410000	72040	29057
1411000	72065	29055
1412000	72105	29073
1413000	72156	29101
1414000	72196	29117
1415000	72263	29153
1416000	72283	29153
1417000	72317	29168
1418000	72352	29175
1419000	72392	29199
1420000	72412	29197
1421000	72442	29208
1422000	72474	29215
1423000	72492	29212
1424000	72554	29246
1425000	72580	29254
1426000	72610	29264
1427000	72629	29267
1428000	72658	29287
1429000	72690	29305
1430000	72722	29320
1431000	72795	29368
1432000	72834	29390
1433000	72864	29397
1434000	72898	29423
1435000	72950	29449
1436000	72987	29458
1437000	73048	29497
1438000	73109	29534
1439000	73138	29542
1440000	73169	29554
1441000	73193	29562
1442000	73241	29594
1443000	73289	29629
1444000	73318	29646
1445000	73363	29670
1446000	73386	29675
1447000	73416	29669
1448000	73451	29688
1449000	73491	29707
1450000	73534	29733
1451000	73556	29744
1452000	73577	29752
1453000	73611	29762
1454000	73671	29791
1455000	73748	29835
1456000	73775	29844
1457000	73811	29864
1458000	73851	29882
1459000	73875	29890
1460000	73927	29923
1461000	73949	29925
1462000	74012	29951
1463000	74094	29998
1464000	74133	30016
1465000	74166	30035
1466000	74193	30046
1467000	74242	30069
1468000	74267	30081
1469000	74295	30080
1470000	74348	30108
1471000	74388	30128
1472000	74414	30138
1473000	74461	30164
1474000	74479	30172
1475000	74541	30207
1476000	74568	30208
1477000	74602	30221
1478000	74646	30243
1479000	74681	30259
1480000	74749	30308
1481000	74789	30331
1482000	74844	30354
1483000	74882	30367
1484000	74953	30410
1485000	75029	30461
1486000	75045	30464
1487000	75080	30481
1488000	75105	30490
1489000	75147	30517
1490000	75172	30524
1491000	75199	30534
1492000	75234	30540
1493000	75257	30551
1494000	75284	30561
1495000	75318	30575
1496000	75351	30591
1497000	75395	30612
1498000	75424	30627
1499000	75462	30644
1500000	75503	30659
1501000	75527	30659
1502000	75574	30688
1503000	75605	30697
1504000	75638	30715
1505000	75663	30718
1506000	75731	30755
1507000	75775	30785
1508000	75790	30791
1509000	75823	30811
1510000	75852	30828
1511000	75877	30840
1512000	75912	30859
1513000	75924	30858
1514000	75944	30867
1515000	75974	30888
1516000	76014	30896
1517000	76050	30913
1518000	76093	30945
1519000	76131	30953
1520000	76172	30967
1521000	76231	31003
1522000	76299	31037
1523000	76327	31041
1524000	76343	31045
1525000	76379	31061
1526000	76404	31061
1527000	76427	31061
1528000	76463	31081
1529000	76485	31086
1530000	76508	31092
1531000	76528	31091
1532000	76566	31117
1533000	76591	31125
1534000	76624	31140
1535000	76648	31148
1536000	76657	31153
1537000	76709	31182
1538000	76732	31190
1539000	76781	31201
1540000	76814	31214
1541000	76851	31235
1542000	76902	31264
1543000	76959	31284
1544000	77001	31298
1545000	77040	31311
1546000	77059	31321
1547000	77118	31352
1548000	77155	31370
1549000	77189	31378
1550000	77208	31381
1551000	77236	31383
1552000	77288	31394
1553000	77328	31412
1554000	77365	31427
1555000	77383	31434
1556000	77410	31444
1557000	77443	31460
1558000	77472	31468
1559000	77519	31497
1560000	77544	31504
1561000	77565	31513
1562000	77601	31527
1563000	77646	31546
1564000	77674	31547
1565000	77710	31566
1566000	77739	31573
1567000	77762	31577
1568000	77777	31578
1569000	77800	31587
1570000	77827	31589
1571000	77870	31617
1572000	77908	31628
1573000	77925	31635
1574000	77957	31648
1575000	78003	31667
1576000	78049	31697
1577000	78067	31703
1578000	78102	31713
1579000	78140	31724
1580000	78182	31742
1581000	78228	31767
1582000	78293	31807
1583000	78346	31832
1584000	78390	31838
1585000	78416	31845
1586000	78471	31874
1587000	78503	31878
1588000	78540	31895
1589000	78575	31903
1590000	78612	31907
1591000	78660	31915
1592000	78691	31926
1593000	78732	31942
1594000	78788	31980
1595000	78826	31992
1596000	78870	32017
1597000	78901	32027
1598000	78937	32035
1599000	78969	32056
1600000	78990	32057
1601000	79015	32057
1602000	79033	32062
1603000	79093	32098
1604000	79114	32108
1605000	79135	32112
1606000	79191	32138
1607000	79210	32147
1608000	79258	32168
1609000	79315	32204
1610000	79347	32215
1611000	79397	32237
1612000	79432	32247
1613000	79459	32251
1614000	79496	32274
1615000	79527	32291
1616000	79550	32301
1617000	79588	32317
1618000	79633	32344
1619000	79654	32353
1620000	79692	32368
1621000	79735	32387
1622000	79771	32405
1623000	79845	32446
1624000	79868	32448
1625000	79899	32460
1626000	79923	32473
1627000	79936	32476
1628000	79949	32474
1629000	79984	32481
1630000	80010	32490
1631000	80054	32516
1632000	80098	32532
1633000	80129	32552
1634000	80152	32552
1635000	80207	32587
1636000	80235	32602
1637000	80264	32615
1638000	80297	32630
1639000	80349	32649
1640000	80393	32685
1641000	80430	32706
1642000	80461	32718
1643000	80496	32733
1644000	80529	32751
1645000	80566	32768
1646000	80593	32782
1647000	80623	32796
1648000	80647	32804
1649000	80669	32809
1650000	80708	32821
1651000	80713	32806
1652000	80725	32791
1653000	80747	32802
1654000	80775	32811
1655000	80827	32837
1656000	80853	32846
1657000	80880	32852
1658000	80930	32872
1659000	80960	32890
1660000	80994	32905
1661000	81014	32904
1662000	81031	32911
1663000	81052	32918
1664000	81085	32933
1665000	81120	32950
1666000	81149	32960
1667000	81180	32975
1668000	81197	32980
1669000	81234	33006
1670000	81257	33011
1671000	81280	33012
1672000	81304	33012
1673000	81357	33037
1674000	81426	33076
1675000	81455	33089
1676000	81482	33098
1677000	81501	33094
1678000	81533	33110
1679000	81576	33133
1680000	81606	33132
1681000	81642	33145
1682000	81662	33152
1683000	81692	33165
1684000	81709	33162
1685000	81731	33167
1686000	81759	33187
1687000	81790	33196
1688000	81806	33196
1689000	81827	33202
1690000	81844	33198
1691000	81875	33206
1692000	81896	33215
1693000	81935	33235
1694000	81976	33254
1695000	82018	33270
1696000	82064	33290
1697000	82101	33306
1698000	82154	33334
1699000	82194	33344
1700000	82249	33380
1701000	82286	33386
1702000	82322	33395
1703000	82357	33409
1704000	82399	33425
1705000	82434	33433
1706000	82482	33453
1707000	82504	33457
1708000	82511	33458
1709000	82547	33467
1710000	82572	33480
1711000	82596	33491
1712000	82686	33558
1713000	82723	33578
1714000	82740	33581
1715000	82795	33614
1716000	82840	33646
1717000	82874	33660
1718000	82904	33670
1719000	82939	33688
1720000	82969	33707
1721000	82995	33711
1722000	83024	33724
1723000	83058	33741
1724000	83089	33757
1725000	83105	33758
1726000	83138	33778
1727000	83152	33777
1728000	83177	33782
1729000	83219	33813
1730000	83243	33827
1731000	83274	33843
1732000	83296	33851
1733000	83321	33863
1734000	83358	33876
1735000	83411	33908
1736000	83461	33936
1737000	83518	33978
1738000	83524	33973
1739000	83552	33987
1740000	83569	33980
1741000	83620	34006
1742000	83658	34026
1743000	83711	34055
1744000	83742	34072
1745000	83767	34084
1746000	83803	34109
1747000	83824	34113
1748000	83855	34127
1749000	83878	34134
1750000	83887	34140
1751000	83892	34141
1752000	83901	34148
1753000	83911	34155
1754000	83924	34161
1755000	83940	34170
1756000	83959	34186
1757000	83977	34198
1758000	83982	34199
1759000	83990	34202
1760000	84005	34209
1761000	84012	34210
1762000	84023	34217
1763000	84037	34227
1764000	84069	34240
1765000	84112	34259
1766000	84139	34262
1767000	84180	34290
1768000	84212	34292
1769000	84239	34305
1770000	84262	34307
1771000	84284	34304
1772000	84316	34316
1773000	84332	34322
1774000	84338	34320
1775000	84362	34335
1776000	84388	34348
1777000	84452	34395
1778000	84494	34427
1779000	84529	34447
1780000	84546	34452
1781000	84555	34458
1782000	84565	34463
1783000	84579	34464
1784000	84593	34471
1785000	84614	34479
1786000	84655	34506
1787000	84667	34505
1788000	84684	34508
1789000	84703	34518
1790000	84718	34520
1791000	84726	34521
1792000	84743	34526
1793000	84769	34542
1794000	84775	34541
1795000	84783	34541
1796000	84814	34550
1797000	84840	34560
1798000	84876	34587
1799000	84906	34599
1800000	84940	34617
1801000	84971	34634
1802000	85005	34652
1803000	85049	34673
1804000	85095	34699
1805000	85123	34713
1806000	85141	34720
1807000	85175	34734
1808000	85202	34747
1809000	85241	34763
1810000	85258	34766
1811000	85281	34772
1812000	85322	34798
1813000	85344	34807
1814000	85371	34821
1815000	85410	34844
1816000	85431	34856
1817000	85465	34874
1818000	85498	34894
1819000	85517	34900
1820000	85544	34909
1821000	85564	34907
1822000	85577	34903
1823000	85602	34922
1824000	85622	34927
1825000	85647	34934
1826000	85670	34941
1827000	85685	34942
1828000	85712	34956
1829000	85733	34961
1830000	85757	34972
1831000	85784	34985
1832000	85811	34995
1833000	85842	35012
1834000	85864	35021
1835000	85898	35039
1836000	85933	35053
1837000	85976	35074
1838000	85999	35079
1839000	86013	35084
1840000	86039	35097
1841000	86060	35105
1842000	86090	35118
1843000	86115	35128
1844000	86142	35139
1845000	86171	35157
1846000	86198	35167
1847000	86220	35176
1848000	86244	35186
1849000	86282	35188
1850000	86313	35197
1851000	86340	35210
1852000	86372	35232
1853000	86391	35237
1854000	86432	35260
1855000	86461	35280
1856000	86481	35286
1857000	86493	35287
1858000	86519	35297
1859000	86545	35309
1860000	86578	35320
1861000	86606	35330
1862000	86633	35335
1863000	86644	35341
1864000	86662	35345
1865000	86684	35350
1866000	86698	35355
1867000	86720	35357
1868000	86739	35362
1869000	86760	35374
1870000	86779	35372
1871000	86810	35392
1872000	86842	35403
1873000	86879	35410
1874000	86898	35417
1875000	86916	35425
1876000	86930	35425
1877000	86975	35445
1878000	87006	35450
1879000	87036	35458
1880000	87051	35466
1881000	87075	35476
1882000	87098	35482
1883000	87131	35497
1884000	87151	35503
1885000	87184	35521
1886000	87207	35535
1887000	87222	35540
1888000	87255	35555
1889000	87277	35566
1890000	87302	35582
1891000	87330	35587
1892000	87354	35595
1893000	87373	35601
1894000	87396	35610
1895000	87413	35616
1896000	87446	35627
1897000	87471	35639
1898000	87482	35642
1899000	87515	35662
1900000	87546	35681
1901000	87580	35700
1902000	87606	35714
1903000	87624	35720
1904000	87651	35738
1905000	87670	35746
1906000	87693	35754
1907000	87717	35761
1908000	87725	35761
1909000	87746	35765
1910000	87780	35782
1911000	87822	35816
1912000	87840	35823
1913000	87888	35854
1914000	87907	35854
1915000	87929	35863
1916000	87949	35873
1917000	87965	35880
1918000	87995	35898
1919000	88012	35901
1920000	88038	35909
1921000	88053	35907
1922000	88066	35912
1923000	88086	35919
1924000	88115	35932
1925000	88144	35944
1926000	88166	35951
1927000	88190	35960
1928000	88219	35960
1929000	88235	35964
1930000	88258	35975
1931000	88278	35982
1932000	88295	35985
1933000	88326	35987
1934000	88343	35995
1935000	88371	36010
1936000	88391	36011
1937000	88407	36017
1938000	88419	36019
1939000	88446	36026
1940000	88458	36032
1941000	88485	36044
1942000	88513	36063
1943000	88526	36067
1944000	88554	36082
1945000	88569	36086
1946000	88591	36097
1947000	88607	36100
1948000	88630	36102
1949000	88653	36110
1950000	88670	36116
1951000	88693	36129
1952000	88725	36141
1953000	88739	36146
1954000	88761	36157
1955000	88781	36170
1956000	88809	36186
1957000	88847	36201
1958000	88863	36209
1959000	88877	36218
1960000	88891	36221
1961000	88908	36219
1962000	88928	36228
1963000	88952	36238
1964000	88977	36250
1965000	88991	36248
1966000	89005	36255
1967000	89022	36259
1968000	89031	36260
1969000	89053	36263
1970000	89072	36266
1971000	89106	36283
1972000	89128	36290
1973000	89141	36292
1974000	89175	36311
1975000	89198	36326
1976000	89236	36343
1977000	89253	36349
1978000	89259	36344
1979000	89278	36353
1980000	89298	36356
1981000	89316	36358
1982000	89330	36362
1983000	89351	36367
1984000	89371	36379
1985000	89389	36380
1986000	89400	36385
1987000	89423	36394
1988000	89442	36406
1989000	89460	36408
1990000	89471	36407
1991000	89492	36418
1992000	89506	36422
1993000	89530	36431
1994000	89554	36446
1995000	89578	36458
1996000	89603	36468
1997000	89618	36466
1998000	89640	36477
1999000	89656	36486
2000000	89665	36489
2001000	89694	36498
2002000	89712	36501
2003000	89748	36519
2004000	89768	36521
2005000	89788	36527
2006000	89805	36537
2007000	89833	36548
2008000	89848	36552
2009000	89873	36569
2010000	89893	36579
2011000	89909	36587
2012000	89924	36591
2013000	89947	36598
2014000	89955	36601
2015000	89966	36599
2016000	89977	36607
2017000	90001	36624
2018000	90023	36627
2019000	90074	36655
2020000	90112	36665
2021000	90119	36669
2022000	90135	36679
2023000	90154	36688
2024000	90176	36700
2025000	90185	36706
2026000	90185	36705
2027000	90212	36722
2028000	90251	36738
2029000	90306	36770
2030000	90343	36788
2031000	90374	36800
2032000	90411	36818
2033000	90435	36830
2034000	90449	36826
2035000	90492	36847
2036000	90534	36873
2037000	90569	36884
2038000	90628	36913
2039000	90666	36933
2040000	90674	36934
2041000	90688	36943
2042000	90718	36956
2043000	90729	36948
2044000	90743	36953
2045000	90763	36963
2046000	90794	36968
2047000	90836	36980
2048000	90860	36997
2049000	90879	37007
2050000	90902	37014
2051000	90920	37013
2052000	90935	37018
2053000	90951	37027
2054000	90961	37028
2055000	90994	37050
2056000	91014	37061
2057000	91042	37069
2058000	91063	37079
2059000	91076	37067
2060000	91091	37069
2061000	91106	37072
2062000	91129	37084
2063000	91146	37089
2064000	91152	37082
2065000	91162	37076
2066000	91184	37085
2067000	91194	37088
2068000	91207	37090
2069000	91241	37107
2070000	91283	37127
2071000	91323	37148
2072000	91335	37151
2073000	91353	37161
2074000	91368	37164
2075000	91382	37163
2076000	91409	37160
2077000	91438	37179
2078000	91447	37177
2079000	91481	37196
2080000	91504	37202
2081000	91524	37206
2082000	91542	37211
2083000	91565	37224
2084000	91586	37234
2085000	91634	37250
2086000	91701	37290
2087000	91738	37297
2088000	91754	37298
2089000	91770	37301
2090000	91807	37323
2091000	91863	37350
2092000	91879	37348
2093000	91904	37359
2094000	91927	37366
2095000	91943	37369
2096000	91963	37383
2097000	92004	37405
2098000	92027	37417
2099000	92054	37432
2100000	92064	37428
2101000	92071	37415
2102000	92083	37418
2103000	92095	37421
2104000	92110	37428
2105000	92139	37441
2106000	92151	37442
2107000	92181	37454
2108000	92210	37469
2109000	92232	37477
2110000	92247	37480
2111000	92260	37486
2112000	92276	37492
2113000	92289	37494
2114000	92349	37518
2115000	92405	37539
2116000	92454	37557
2117000	92493	37563
2118000	92529	37579
2119000	92547	37585
2120000	92570	37597
2121000	92589	37600
2122000	92639	37635
2123000	92680	37651
2124000	92705	37661
2125000	92721	37671
2126000	92737	37672
2127000	92781	37698
2128000	92801	37710
2129000	92813	37708
2130000	92833	37719
2131000	92861	37732
2132000	92904	37754
2133000	92936	37772
2134000	92957	37780
2135000	92976	37790
2136000	93011	37807
2137000	93033	37811
2138000	93071	37830
2139000	93108	37839
2140000	93136	37842
2141000	93142	37846
2142000	93143	37844
2143000	93145	37832
2144000	93148	37830
2145000	93156	37829
2146000	93189	37852
2147000	93213	37863
2148000	93236	37870
2149000	93251	37877
2150000	93276	37886
2151000	93299	37902
2152000	93306	37902
2153000	93320	37908
2154000	93336	37910
2155000	93352	37916
2156000	93368	37917
2157000	93384	37921
2158000	93395	37923
2159000	93413	37925
2160000	93461	37944
2161000	93485	37960
2162000	93531	37988
2163000	93544	37984
2164000	93568	37988
2165000	93597	37994
2166000	93624	38005
2167000	93645	38010
2168000	93669	38017
2169000	93685	38023
2170000	93693	38021
2171000	93703	38016
2172000	93705	38007
2173000	93780	38053
2174000	93868	38094
2175000	93889	38098
2176000	93910	38106
2177000	93927	38108
2178000	93958	38123
2179000	93973	38125
2180000	93991	38136
2181000	94001	38137
2182000	94028	38156
2183000	94047	38163
2184000	94060	38168
2185000	94079	38172
2186000	94096	38181
2187000	94115	38185
2188000	94122	38180
2189000	94167	38203
2190000	94181	38205
2191000	94193	38206
2192000	94213	38213
2193000	94244	38238
2194000	94265	38249
2195000	94278	38257
2196000	94297	38269
2197000	94308	38270
2198000	94322	38277
2199000	94343	38289
2200000	94386	38308
2201000	94435	38328
2202000	94466	38345
2203000	94476	38343
2204000	94496	38346
2205000	94508	38347
2206000	94533	38356
2207000	94584	38386
2208000	94628	38409
2209000	94666	38426
2210000	94695	38441
2211000	94713	38448
2212000	94716	38449
2213000	94743	38456
2214000	94773	38468
2215000	94810	38486
2216000	94843	38501
2217000	94864	38511
2218000	94894	38525
2219000	94908	38518
2220000	94932	38529
2221000	94947	38535
2222000	94955	38532
2223000	94962	38531
2224000	94974	38533
2225000	95015	38544
2226000	95035	38550
2227000	95062	38561
2228000	95075	38562
2229000	95089	38557
2230000	95102	38551
2231000	95131	38567
2232000	95154	38571
2233000	95190	38590
2234000	95213	38596
2235000	95234	38600
2236000	95247	38602
2237000	95277	38619
2238000	95324	38643
2239000	95360	38662
2240000	95401	38677
2241000	95432	38686
2242000	95454	38696
2243000	95475	38704
2244000	95493	38713
2245000	95542	38740
2246000	95604	38768
2247000	95639	38791
2248000	95648	38781
2249000	95665	38792
2250000	95678	38796
2251000	95698	38801
2252000	95747	38823
2253000	95765	38822
2254000	95792	38833
2255000	95804	38838
2256000	95815	38838
2257000	95851	38850
2258000	95879	38862
2259000	95898	38878
2260000	95924	38883
2261000	95942	38886
2262000	95950	38886
2263000	95963	38891
2264000	95976	38893
2265000	95985	38891
2266000	95992	38896
2267000	96000	38902
2268000	96008	38900
2269000	96019	38902
2270000	96027	38908
2271000	96032	38902
2272000	96054	38915
2273000	96081	38920
2274000	96106	38930
2275000	96163	38960
2276000	96204	38971
2277000	96247	38991
2278000	96277	39003
2279000	96333	39035
2280000	96365	39046
2281000	96387	39056
2282000	96401	39058
2283000	96415	39060
2284000	96441	39078
2285000	96463	39083
2286000	96486	39090
2287000	96509	39093
2288000	96533	39100
2289000	96544	39095
2290000	96563	39096
2291000	96576	39097
2292000	96613	39108
2293000	96643	39119
2294000	96664	39135
2295000	96667	39134
2296000	96672	39134
2297000	96697	39145
2298000	96717	39154
2299000	96747	39169
2300000	96791	39196
2301000	96819	39211
2302000	96839	39217
2303000	96859	39215
2304000	96884	39224
2305000	96907	39229
2306000	96927	39238
2307000	96978	39266
2308000	97016	39280
2309000	97057	39294
2310000	97082	39301
2311000	97122	39305
2312000	97160	39323
2313000	97181	39329
2314000	97199	39333
2315000	97213	39339
2316000	97237	39344
2317000	97250	39341
2318000	97274	39353
2319000	97294	39358
2320000	97317	39364
2321000	97335	39364
2322000	97346	39365
2323000	97356	39370
2324000	97408	39389
2325000	97445	39398
2326000	97489	39409
2327000	97522	39419
2328000	97549	39432
2329000	97565	39439
2330000	97575	39431
2331000	97604	39442
2332000	97643	39459
2333000	97658	39464
2334000	97671	39462
2335000	97702	39485
2336000	97731	39493
2337000	97756	39503
2338000	97774	39506
2339000	97792	39514
2340000	97811	39523
2341000	97836	39522
2342000	97859	39534
2343000	97874	39545
2344000	97879	39546
2345000	97923	39576
2346000	97935	39577
2347000	97938	39578
2348000	97939	39572
2349000	97942	39569
2350000	97943	39567
2351000	97956	39568
2352000	97974	39572
2353000	97994	39582
2354000	98014	39586
2355000	98042	39603
2356000	98067	39611
2357000	98097	39629
2358000	98124	39645
2359000	98160	39657
2360000	98178	39668
2361000	98192	39671
2362000	98219	39685
2363000	98253	39708
2364000	98270	39720
2365000	98288	39725
2366000	98347	39756
2367000	98373	39769
2368000	98393	39772
2369000	98439	39795
2370000	98474	39817
2371000	98487	39816
2372000	98507	39832
2373000	98531	39829
2374000	98550	39841
2375000	98586	39855
2376000	98611	39870
2377000	98630	39873
2378000	98656	39884
2379000	98681	39896
2380000	98709	39907
2381000	98778	39940
2382000	98834	39968
2383000	98882	39993
2384000	98915	40005
2385000	98950	40021
2386000	98971	40027
2387000	98991	40037
2388000	99025	40050
2389000	99051	40061
2390000	99094	40078
2391000	99130	40092
2392000	99189	40132
2393000	99218	40148
2394000	99249	40152
2395000	99276	40160
2396000	99306	40174
2397000	99343	40195
2398000	99363	40200
2399000	99380	40202
2400000	99408	40213
2401000	99450	40234
2402000	99490	40255
2403000	99521	40269
2404000	99558	40278
2405000	99603	40300
2406000	99626	40312
2407000	99637	40321
2408000	99696	40351
2409000	99734	40361
2410000	99769	40377
2411000	99801	40394
2412000	99813	40396
2413000	99839	40406
2414000	99886	40427
2415000	99906	40427
2416000	99938	40436
2417000	99982	40457
2418000	100013	40476
2419000	100036	40486
2420000	100054	40492
2421000	100097	40521
2422000	100131	40541
2423000	100150	40548
2424000	100203	40586
2425000	100284	40639
2426000	100338	40659
2427000	100379	40678
2428000	100404	40687
2429000	100420	40693
2430000	100449	40706
2431000	100465	40715
2432000	100482	40726
2433000	100499	40734
2434000	100525	40745
2435000	100552	40753
2436000	100579	40756
2437000	100620	40770
2438000	100658	40782
2439000	100676	40773
2440000	100698	40786
2441000	100716	40793
2442000	100738	40804
2443000	100759	40814
2444000	100774	40815
2445000	100787	40817
2446000	100793	40813
2447000	100822	40821
2448000	100869	40842
2449000	100900	40848
2450000	100925	40860
2451000	100958	40878
2452000	100993	40882
2453000	101015	40892
2454000	101034	40897
2455000	101069	40913
2456000	101112	40941
2457000	101158	40965
2458000	101191	40976
2459000	101225	40987
2460000	101264	40992
2461000	101287	40988
2462000	101304	40987
2463000	101323	40982
2464000	101351	40994
2465000	101385	41013
2466000	101405	41023
2467000	101433	41038
2468000	101450	41039
2469000	101466	41042
2470000	101499	41058
2471000	101512	41060
2472000	101539	41067
2473000	101555	41079
2474000	101567	41085
2475000	101583	41091
2476000	101596	41085
2477000	101611	41093
2478000	101623	41091
2479000	101640	41101
2480000	101677	41117
2481000	101714	41129
2482000	101738	41144
2483000	101757	41151
2484000	101782	41164
2485000	101806	41173
2486000	101817	41179
2487000	101823	41176
2488000	101830	41173
2489000	101846	41179
2490000	101861	41190
2491000	101868	41188
2492000	101883	41194
2493000	101902	41196
2494000	101932	41212
2495000	101959	41224
2496000	101998	41250
2497000	102017	41254
2498000	102041	41263
2499000	102078	41281
2500000	102104	41289
2501000	102129	41299
2502000	102166	41316
2503000	102176	41322
2504000	102200	41333
2505000	102221	41345
2506000	102245	41361
2507000	102260	41357
2508000	102292	41375
2509000	102309	41378
2510000	102319	41376
2511000	102329	41373
2512000	102339	41377
2513000	102358	41385
2514000	102369	41390
2515000	102381	41397
2516000	102391	41396
2517000	102424	41407
2518000	102486	41436
2519000	102511	41439
2520000	102557	41459
2521000	102585	41471
2522000	102610	41487
2523000	102630	41493
2524000	102673	41518
2525000	102725	41552
2526000	102763	41573
2527000	102783	41585
2528000	102808	41587
2529000	102815	41588
2530000	102825	41590
2531000	102841	41594
2532000	102848	41593
2533000	102880	41604
2534000	102896	41607
2535000	102908	41613
2536000	102912	41613
2537000	102920	41609
2538000	102932	41615
2539000	102955	41618
2540000	102972	41620
2541000	102999	41636
2542000	103023	41646
2543000	103045	41660
2544000	103056	41664
2545000	103065	41668
2546000	103085	41674
2547000	103100	41675
2548000	103150	41695
2549000	103175	41708
2550000	103188	41717
2551000	103221	41736
2552000	103238	41744
2553000	103260	41754
2554000	103273	41759
2555000	103284	41763
2556000	103293	41768
2557000	103298	41770
2558000	103322	41781
2559000	103333	41779
2560000	103338	41776
2561000	103356	41785
2562000	103370	41792
2563000	103384	41800
2564000	103396	41807
2565000	103404	41807
2566000	103417	41812
2567000	103423	41809
2568000	103436	41819
2569000	103449	41823
2570000	103467	41827
2571000	103488	41841
2572000	103499	41843
2573000	103515	41848
2574000	103524	41846
2575000	103529	41845
2576000	103535	41847
2577000	103553	41854
2578000	103566	41858
2579000	103570	41855
2580000	103601	41865
2581000	103640	41890
2582000	103672	41895
2583000	103680	41900
2584000	103707	41909
2585000	103716	41909
2586000	103747	41923
2587000	103774	41934
2588000	103808	41943
2589000	103837	41953
2590000	103857	41958
2591000	103865	41960
2592000	103890	41973
2593000	103906	41980
2594000	103940	41995
2595000	103962	42000
2596000	103998	42019
2597000	104015	42024
2598000	104034	42027
2599000	104054	42038
2600000	104072	42041
2601000	104095	42058
2602000	104110	42062
2603000	104114	42063
2604000	104117	42065
2605000	104120	42066
2606000	104126	42065
2607000	104131	42064
2608000	104137	42064
2609000	104167	42086
2610000	104181	42093
2611000	104188	42096
2612000	104194	42100
2613000	104204	42106
2614000	104209	42106
2615000	104211	42102
2616000	104213	42100
2617000	104225	42100
2618000	104236	42096
2619000	104250	42102
2620000	104251	42100
2621000	104255	42102
2622000	104259	42104
2623000	104280	42105
2624000	104290	42108
2625000	104299	42116
2626000	104300	42114
2627000	104301	42115
2628000	104302	42114
2629000	104304	42113
2630000	104307	42114
2631000	104309	42110
2632000	104309	42109
2633000	104310	42089
2634000	104313	42082
2635000	104314	42079
2636000	104314	42074
2637000	104316	42066
2638000	104317	42064
2639000	104317	42060
2640000	104320	42059
2641000	104338	42074
2642000	104377	42099
2643000	104390	42106
2644000	104391	42107
2645000	104398	42109
2646000	104415	42115
2647000	104434	42123
2648000	104436	42117
2649000	104445	42119
2650000	104455	42123
2651000	104468	42130
2652000	104491	42145
2653000	104492	42142
2654000	104497	42145
2655000	104519	42156
2656000	104561	42179
2657000	104607	42199
2658000	104638	42214
2659000	104672	42234
2660000	104705	42252
2661000	104738	42271
2662000	104752	42276
2663000	104755	42274
2664000	104802	42312
2665000	104852	42332
2666000	104884	42352
2667000	104894	42356
2668000	104949	42400
2669000	105007	42435
2670000	105023	42441
2671000	105057	42469
2672000	105075	42471
2673000	105099	42481
2674000	105130	42504
2675000	105168	42522
2676000	105195	42538
2677000	105230	42554
2678000	105284	42598
2679000	105306	42614
2680000	105327	42626
2681000	105352	42633
2682000	105393	42650
2683000	105438	42674
2684000	105482	42689
2685000	105520	42703
2686000	105546	42713
2687000	105574	42723
2688000	105607	42738
2689000	105636	42750
2690000	105663	42763
2691000	105707	42786
2692000	105748	42798
2693000	105800	42830
2694000	105871	42877
2695000	105886	42884
2696000	105907	42891
2697000	105931	42901
2698000	105949	42904
2699000	105975	42909
2700000	106020	42934
2701000	106081	42972
2702000	106154	43022
2703000	106230	43074
2704000	106276	43098
2705000	106304	43108
2706000	106349	43125
2707000	106393	43144
2708000	106434	43168
2709000	106491	43197
2710000	106547	43220
2711000	106591	43247
2712000	106617	43259
2713000	106661	43287
2714000	106714	43313
2715000	106747	43328
2716000	106757	43330
2717000	106787	43341
2718000	106806	43348
2719000	106848	43373
2720000	106890	43394
2721000	106924	43406
2722000	106948	43414
2723000	106987	43434
2724000	107027	43457
2725000	107070	43479
2726000	107126	43513
2727000	107197	43560
2728000	107223	43572
2729000	107312	43629
2730000	107388	43681
2731000	107418	43693
2732000	107455	43709
2733000	107483	43721
2734000	107512	43729
2735000	107552	43749
2736000	107581	43763
2737000	107622	43782
2738000	107650	43788
2739000	107668	43795
2740000	107686	43805
2741000	107713	43816
2742000	107752	43835
2743000	107774	43844
2744000	107807	43859
2745000	107855	43887
2746000	107862	43890
2747000	107904	43915
2748000	107954	43938
2749000	108001	43959
2750000	108018	43964
2751000	108029	43969
2752000	108043	43969
2753000	108065	43981
2754000	108092	43993
2755000	108118	44010
2756000	108156	44036
2757000	108188	44049
2758000	108230	44067
2759000	108264	44083
2760000	108315	44111
2761000	108347	44121
2762000	108372	44131
2763000	108429	44166
2764000	108473	44187
2765000	108521	44208
2766000	108569	44238
2767000	108601	44253
2768000	108629	44262
2769000	108653	44272
2770000	108680	44282
2771000	108717	44297
2772000	108759	44314
2773000	108794	44331
2774000	108815	44341
2775000	108839	44349
2776000	108856	44357
2777000	108873	44359
2778000	108899	44369
2779000	108932	44379
2780000	108964	44391
2781000	108998	44413
2782000	109039	44430
2783000	109070	44450
2784000	109095	44457
2785000	109129	44477
2786000	109172	44505
2787000	109196	44514
2788000	109224	44513
2789000	109254	44536
2790000	109291	44544
2791000	109310	44543
2792000	109311	44525
2793000	109311	44508
2794000	109316	44491
2795000	109316	44480
2796000	109318	44451
2797000	109319	44426
2798000	109320	44406
2799000	109325	44400
2800000	109325	44387
2801000	109326	44375
2802000	109329	44345
2803000	109329	44332
2804000	109332	44320
2805000	109333	44293
2806000	109338	44280
2807000	109340	44264
2808000	109344	44236
2809000	109347	44210
2810000	109348	44181
2811000	109349	44168
2812000	109351	44164
2813000	109355	44156
2814000	109355	44140
2815000	109359	44131
2816000	109359	44109
2817000	109360	44081
2818000	109371	44065
2819000	109405	44089
2820000	109443	44115
2821000	109457	44122
2822000	109489	44142
2823000	109520	44161
2824000	109555	44178
2825000	109581	44190
2826000	109614	44214
2827000	109644	44235
2828000	109668	44246
2829000	109697	44261
2830000	109731	44282
2831000	109761	44300
2832000	109775	44305
2833000	109792	44310
2834000	109804	44309
2835000	109823	44318
2836000	109856	44338
2837000	109882	44341
2838000	109917	44363
2839000	109942	44374
2840000	109955	44376
2841000	109972	44383
2842000	110006	44408
2843000	110035	44423
2844000	110045	44425
2845000	110070	44439
2846000	110082	44444
2847000	110107	44453
2848000	110151	44482
2849000	110182	44500
2850000	110210	44517
2851000	110235	44520
2852000	110267	44545
2853000	110292	44560
2854000	110318	44571
2855000	110337	44581
2856000	110349	44583
2857000	110366	44591
2858000	110386	44593
2859000	110413	44613
2860000	110448	44632
2861000	110478	44650
2862000	110505	44664
2863000	110525	44673
2864000	110559	44689
2865000	110605	44725
2866000	110621	44721
2867000	110642	44730
2868000	110676	44753
2869000	110703	44765
2870000	110717	44771
2871000	110736	44769
2872000	110752	44778
2873000	110776	44787
2874000	110808	44811
2875000	110830	44822
2876000	110837	44818
2877000	110856	44823
2878000	110883	44838
2879000	110942	44867
2880000	111000	44903
2881000	111039	44921
2882000	111063	44919
2883000	111093	44932
2884000	111137	44953
2885000	111176	44972
2886000	111222	44998
2887000	111250	45006
2888000	111278	45014
2889000	111302	45032
2890000	111336	45047
2891000	111375	45071
2892000	111395	45077
2893000	111429	45092
2894000	111456	45102
2895000	111475	45104
2896000	111499	45111
2897000	111559	45148
2898000	111604	45163
2899000	111647	45187
2900000	111674	45200
2901000	111700	45216
2902000	111745	45247
2903000	111791	45260
2904000	111795	45261
2905000	111799	45260
2906000	111801	45260
2907000	111806	45262
2908000	111815	45264
2909000	111835	45274
2910000	111857	45287
2911000	111871	45286
2912000	111877	45287
2913000	111886	45283
2914000	111895	45287
2915000	111901	45288
2916000	111905	45292
2917000	111911	45298
2918000	111918	45298
2919000	111923	45300
2920000	111924	45298
2921000	111928	45300
2922000	111928	45298
2923000	111934	45299
2924000	111941	45304
2925000	111942	45304
2926000	111945	45305
2927000	111953	45309
2928000	111958	45311
2929000	111964	45313
2930000	111974	45319
2931000	111982	45323
2932000	111989	45326
2933000	111998	45333
2934000	112007	45337
2935000	112016	45343
2936000	112019	45343
2937000	112034	45352
2938000	112040	45356
2939000	112047	45360
2940000	112051	45363
2941000	112052	45360
2942000	112059	45363
2943000	112064	45366
2944000	112064	45366
2945000	112068	45369
2946000	112070	45369
2947000	112070	45367
2948000	112072	45368
2949000	112074	45368
2950000	112079	45367
2951000	112082	45368
2952000	112087	45369
2953000	112094	45374
2954000	112098	45375
2955000	112101	45376
2956000	112103	45377
2957000	112106	45375
2958000	112117	45382
2959000	112120	45382
2960000	112124	45383
2961000	112132	45390
2962000	112138	45392
2963000	112142	45395
2964000	112147	45398
2965000	112149	45398
2966000	112152	45396
2967000	112156	45397
2968000	112164	45402
2969000	112165	45402
2970000	112170	45404
2971000	112179	45412
2972000	112188	45420
2973000	112190	45416
2974000	112195	45417
2975000	112201	45416
2976000	112210	45421
2977000	112215	45423
2978000	112220	45424
2979000	112227	45429
2980000	112231	45426
2981000	112233	45424
2982000	112237	45428
2983000	112244	45429
2984000	112248	45429
2985000	112253	45431
2986000	112257	45432
2987000	112260	45432
2988000	112270	45438
2989000	112274	45439
2990000	112274	45436
2991000	112276	45437
2992000	112284	45438
2993000	112290	45440
2994000	112292	45440
2995000	112298	45444
2996000	112301	45443
2997000	112308	45444
2998000	112313	45447
2999000	112319	45449
3000000	112323	45451
3001000	112324	45450
3002000	112328	45451
3003000	112337	45455
3004000	112343	45459
3005000	112349	45459
3006000	112353	45459
3007000	112360	45462
3008000	112361	45459
3009000	112366	45460
3010000	112367	45461
3011000	112374	45464
3012000	112379	45467
3013000	112379	45465
3014000	112387	45468
3015000	112387	45464
3016000	112403	45476
3017000	112404	45475
3018000	112407	45476
3019000	112409	45474
3020000	112415	45476
3021000	112418	45479
3022000	112422	45481
3023000	112424	45480
3024000	112429	45477
3025000	112431	45478
3026000	112431	45477
3027000	112434	45476
3028000	112441	45479
3029000	112446	45480
3030000	112454	45479
3031000	112457	45481
3032000	112458	45478
3033000	112464	45483
3034000	112470	45484
3035000	112473	45485
3036000	112478	45489
3037000	112488	45490
3038000	112499	45492
3039000	112504	45492
3040000	112538	45507
3041000	112570	45523
3042000	112584	45521
3043000	112594	45522
3044000	112609	45522
3045000	112624	45531
3046000	112639	45541
3047000	112651	45538
3048000	112672	45545
3049000	112690	45547
3050000	112710	45559
3051000	112730	45568
3052000	112749	45578
3053000	112762	45580
3054000	112774	45583
3055000	112792	45586
3056000	112807	45595
3057000	112824	45600
3058000	112846	45612
3059000	112861	45610
3060000	112876	45615
3061000	112890	45626
3062000	112910	45630
3063000	112925	45635
3064000	112941	45640
3065000	112953	45642
3066000	112970	45651
3067000	112991	45659
3068000	113008	45664
3069000	113027	45673
3070000	113035	45673
3071000	113050	45673
3072000	113064	45668
3073000	113091	45684
3074000	113106	45689
3075000	113132	45700
3076000	113153	45709
3077000	113163	45708
3078000	113185	45718
3079000	113201	45716
3080000	113223	45722
3081000	113265	45753
3082000	113283	45760
3083000	113299	45768
3084000	113317	45780
3085000	113332	45785
3086000	113355	45793
3087000	113366	45798
3088000	113380	45798
3089000	113395	45801
3090000	113437	45820
3091000	113484	45845
3092000	113529	45865
3093000	113559	45882
3094000	113595	45898
3095000	113636	45917
3096000	113667	45937
3097000	113697	45954
3098000	113723	45967
3099000	113755	45969
3100000	113780	45976
3101000	113815	45990
3102000	113836	46003
3103000	113872	46020
3104000	113915	46046
3105000	113932	46052
3106000	113953	46063
3107000	113977	46069
3108000	114002	46077
3109000	114023	46089
3110000	114036	46095
3111000	114049	46099
3112000	114080	46119
3113000	114099	46132
3114000	114112	46137
3115000	114126	46145
3116000	114138	46146
3117000	114140	46142
3118000	114150	46143
3119000	114163	46145
3120000	114184	46146
3121000	114198	46151
3122000	114209	46158
3123000	114218	46154
3124000	114232	46154
3125000	114240	46158
3126000	114250	46164
3127000	114272	46176
3128000	114283	46178
3129000	114304	46188
3130000	114319	46197
3131000	114338	46206
3132000	114348	46210
3133000	114359	46213
3134000	114376	46222
3135000	114390	46232
3136000	114426	46260
3137000	114444	46261
3138000	114467	46265
3139000	114484	46274
3140000	114503	46280
3141000	114516	46283
3142000	114531	46288
3143000	114546	46292
3144000	114572	46310
3145000	114596	46318
3146000	114605	46318
3147000	114628	46331
3148000	114650	46345
3149000	114677	46356
3150000	114698	46369
3151000	114724	46382
3152000	114786	46422
3153000	114811	46427
3154000	114832	46429
3155000	114854	46436
3156000	114884	46446
3157000	114908	46458
3158000	114932	46469
3159000	114958	46476
3160000	114973	46477
3161000	115002	46492
3162000	115030	46499
3163000	115052	46516
3164000	115058	46513
3165000	115066	46514
3166000	115097	46526
3167000	115131	46539
3168000	115149	46543
3169000	115163	46547
3170000	115184	46557
3171000	115207	46567
3172000	115221	46569
3173000	115228	46569
3174000	115244	46571
3175000	115252	46572
3176000	115269	46577
3177000	115292	46588
3178000	115305	46593
3179000	115321	46602
3180000	115345	46615
3181000	115356	46619
3182000	115369	46628
3183000	115381	46633
3184000	115398	46641
3185000	115415	46650
3186000	115431	46656
3187000	115445	46664
3188000	115458	46669
3189000	115474	46677
3190000	115489	46682
3191000	115498	46688
3192000	115513	46696
3193000	115539	46710
3194000	115559	46721
3195000	115571	46728
3196000	115587	46735
3197000	115595	46739
3198000	115609	46742
3199000	115620	46753
3200000	115638	46759
3201000	115662	46772
3202000	115709	46809
3203000	115727	46820
3204000	115753	46830
3205000	115766	46834
3206000	115786	46842
3207000	115790	46837
3208000	115804	46846
3209000	115828	46858
3210000	115838	46861
3211000	115863	46876
3212000	115878	46876
3213000	115896	46881
3214000	115912	46887
3215000	115949	46898
3216000	115972	46906
3217000	115992	46914
3218000	116005	46914
3219000	116014	46911
3220000	116040	46926
3221000	116047	46921
3222000	116058	46924
3223000	116069	46927
3224000	116080	46931
3225000	116097	46935
3226000	116109	46938
3227000	116125	46945
3228000	116165	46970
3229000	116184	46980
3230000	116206	46994
3231000	116216	46996
3232000	116227	46996
3233000	116238	47001
3234000	116244	46999
3235000	116271	47018
3236000	116278	47019
3237000	116293	47022
3238000	116314	47030
3239000	116331	47035
3240000	116340	47033
3241000	116358	47046
3242000	116382	47056
3243000	116438	47096
3244000	116457	47107
3245000	116478	47120
3246000	116513	47142
3247000	116541	47156
3248000	116559	47163
3249000	116567	47164
3250000	116577	47164
3251000	116582	47164
3252000	116603	47171
3253000	116632	47187
3254000	116668	47209
3255000	116681	47217
3256000	116711	47240
3257000	116748	47258
3258000	116778	47271
3259000	116788	47274
3260000	116804	47277
3261000	116807	47272
3262000	116816	47272
3263000	116832	47283
3264000	116851	47290
3265000	116867	47300
3266000	116890	47313
3267000	116908	47321
3268000	116919	47323
3269000	116929	47327
3270000	116953	47335
3271000	116975	47345
3272000	116981	47347
3273000	116990	47348
3274000	117003	47356
3275000	117025	47365
3276000	117036	47360
3277000	117046	47360
3278000	117066	47370
3279000	117080	47374
3280000	117124	47403
3281000	117150	47415
3282000	117161	47409
3283000	117169	47408
3284000	117192	47419
3285000	117220	47435
3286000	117241	47449
3287000	117261	47456
3288000	117277	47461
3289000	117285	47464
3290000	117312	47476
3291000	117336	47484
3292000	117358	47496
3293000	117367	47499
3294000	117379	47502
3295000	117388	47507
3296000	117410	47513
3297000	117427	47524
3298000	117442	47533
3299000	117453	47535
3300000	117470	47540
3301000	117494	47545
3302000	117520	47555
3303000	117545	47572
3304000	117562	47581
3305000	117581	47588
3306000	117593	47590
3307000	117605	47597
3308000	117615	47603
3309000	117643	47616
3310000	117662	47625
3311000	117676	47631
3312000	117680	47631
3313000	117690	47633
3314000	117700	47630
3315000	117705	47631
3316000	117717	47638
3317000	117753	47661
3318000	117788	47681
3319000	117796	47678
3320000	117804	47677
3321000	117852	47704
3322000	117863	47709
3323000	117884	47721
3324000	117905	47734
3325000	117914	47737
3326000	117917	47736
3327000	117918	47735
3328000	117921	47736
3329000	117934	47746
3330000	117937	47742
3331000	117948	47751
3332000	117957	47754
3333000	117967	47755
3334000	117984	47765
3335000	117987	47766
3336000	117991	47768
3337000	117996	47771
3338000	118001	47775
3339000	118010	47774
3340000	118024	47783
3341000	118034	47787
3342000	118047	47794
3343000	118060	47803
3344000	118070	47804
3345000	118079	47804
3346000	118090	47807
3347000	118099	47805
3348000	118113	47812
3349000	118127	47818
3350000	118143	47824
3351000	118151	47828
3352000	118158	47830
3353000	118166	47830
3354000	118174	47835
3355000	118178	47834
3356000	118184	47833
3357000	118203	47845
3358000	118231	47857
3359000	118261	47879
3360000	118278	47889
3361000	118299	47904
3362000	118314	47908
3363000	118340	47918
3364000	118371	47935
3365000	118387	47945
3366000	118394	47945
3367000	118410	47949
3368000	118421	47956
3369000	118437	47962
3370000	118452	47971
3371000	118471	47978
3372000	118486	47987
3373000	118498	47991
3374000	118509	47992
3375000	118525	48006
3376000	118543	48013
3377000	118553	48019
3378000	118562	48019
3379000	118574	48029
3380000	118580	48025
3381000	118598	48038
3382000	118603	48039
3383000	118607	48043
3384000	118630	48055
3385000	118659	48063
3386000	118675	48067
3387000	118697	48075
3388000	118707	48080
3389000	118723	48094
3390000	118744	48106
3391000	118775	48126
3392000	118796	48129
3393000	118816	48143
3394000	118830	48150
3395000	118853	48158
3396000	118860	48159
3397000	118869	48159
3398000	118880	48163
3399000	118886	48162
3400000	118899	48167
3401000	118906	48172
3402000	118938	48190
3403000	119012	48242
3404000	119066	48281
3405000	119086	48290
3406000	119099	48291
3407000	119141	48309
3408000	119183	48343
3409000	119207	48357
3410000	119229	48373
3411000	119236	48379
3412000	119256	48392
3413000	119265	48393
3414000	119277	48399
3415000	119304	48418
3416000	119313	48420
3417000	119328	48426
3418000	119332	48429
3419000	119344	48436
3420000	119349	48439
3421000	119362	48447
3422000	119394	48454
3423000	119418	48464
3424000	119492	48506
3425000	119535	48529
3426000	119537	48530
3427000	119545	48534
3428000	119550	48537
3429000	119566	48552
3430000	119581	48555
3431000	119607	48561
3432000	119633	48574
3433000	119659	48584
3434000	119667	48587
3435000	119678	48592
3436000	119687	48596
3437000	119697	48598
3438000	119718	48610
3439000	119730	48611
3440000	119739	48617
3441000	119747	48622
3442000	119758	48629
3443000	119762	48630
3444000	119767	48630
3445000	119774	48632
3446000	119777	48628
3447000	119781	48630
3448000	119786	48631
3449000	119796	48632
3450000	119811	48644
3451000	119815	48645
3452000	119822	48646
3453000	119835	48657
3454000	119841	48658
3455000	119847	48655
3456000	119854	48658
3457000	119866	48665
3458000	119878	48670
3459000	119886	48668
3460000	119902	48678
3461000	119912	48685
3462000	119916	48689
3463000	119928	48698
3464000	119943	48706
3465000	119983	48729
3466000	120028	48744
3467000	120072	48768
3468000	120084	48771
3469000	120094	48778
3470000	120104	48778
3471000	120110	48781
3472000	120114	48780
3473000	120117	48779
3474000	120130	48787
3475000	120141	48791
3476000	120150	48795
3477000	120159	48801
3478000	120165	48800
3479000	120183	48813
3480000	120194	48816
3481000	120204	48815
3482000	120216	48820
3483000	120233	48830
3484000	120240	48830
3485000	120260	48837
3486000	120268	48842
3487000	120278	48849
3488000	120280	48848
3489000	120283	48849
3490000	120332	48874
3491000	120343	48875
3492000	120351	48880
3493000	120361	48884
3494000	120372	48889
3495000	120381	48887
3496000	120400	48891
3497000	120420	48900
3498000	120445	48918
3499000	120459	48926
3500000	120470	48932
3501000	120494	48948
3502000	120501	48949
3503000	120507	48948
3504000	120518	48947
3505000	120532	48947
3506000	120548	48954
3507000	120561	48956
3508000	120581	48964
3509000	120607	48970
3510000	120627	48979
3511000	120634	48976
3512000	120659	48984
3513000	120667	48986
3514000	120671	48981
3515000	120684	48982
3516000	120692	48983
3517000	120703	48989
3518000	120711	48988
3519000	120720	48993
3520000	120733	48998
3521000	120751	49011
3522000	120767	49017
3523000	120782	49019
3524000	120823	49045
3525000	120875	49070
3526000	120930	49100
3527000	120947	49114
3528000	120962	49123
3529000	120978	49131
3530000	121003	49145
3531000	121017	49152
3532000	121019	49149
3533000	121024	49153
3534000	121030	49158
3535000	121053	49168
3536000	121069	49173
3537000	121105	49186
3538000	121133	49198
3539000	121163	49215
3540000	121179	49221
3541000	121188	49219
3542000	121201	49228
3543000	121209	49230
3544000	121221	49238
3545000	121240	49247
3546000	121254	49249
3547000	121266	49250
3548000	121279	49256
3549000	121289	49253
3550000	121303	49257
3551000	121332	49267
3552000	121356	49281
3553000	121364	49283
3554000	121401	49308
3555000	121419	49313
3556000	121445	49327
3557000	121466	49331
3558000	121481	49338
3559000	121502	49348
3560000	121521	49358
3561000	121543	49366
3562000	121559	49378
3563000	121568	49380
3564000	121578	49381
3565000	121598	49385
3566000	121626	49397
3567000	121631	49397
3568000	121643	49403
3569000	121656	49409
3570000	121663	49412
3571000	121675	49412
3572000	121685	49414
3573000	121707	49423
3574000	121729	49439
3575000	121746	49446
3576000	121755	49446
3577000	121769	49451
3578000	121781	49450
3579000	121799	49464
3580000	121810	49466
3581000	121826	49474
3582000	121843	49478
3583000	121849	49478
3584000	121862	49484
3585000	121883	49492
3586000	121898	49502
3587000	121915	49508
3588000	121925	49507
3589000	121938	49503
3590000	121941	49502
3591000	121953	49508
3592000	121965	49512
3593000	121974	49513
3594000	121988	49520
3595000	121996	49518
3596000	122000	49516
3597000	122009	49517
3598000	122016	49517
3599000	122032	49522
3600000	122052	49532
3601000	122079	49542
3602000	122102	49554
3603000	122123	49563
3604000	122137	49567
3605000	122150	49572
3606000	122159	49572
3607000	122167	49570
3608000	122179	49573
3609000	122194	49575
3610000	122204	49579
3611000	122217	49587
3612000	122226	49588
3613000	122238	49593
3614000	122245	49595
3615000	122249	49592
3616000	122255	49587
3617000	122268	49586
3618000	122281	49589
3619000	122289	49587
3620000	122295	49589
3621000	122302	49589
3622000	122311	49591
3623000	122321	49589
3624000	122332	49596
3625000	122346	49598
3626000	122353	49598
3627000	122363	49599
3628000	122373	49603
3629000	122377	49598
3630000	122384	49600
3631000	122391	49600
3632000	122395	49601
3633000	122409	49607
3634000	122418	49612
3635000	122430	49616
3636000	122436	49617
3637000	122442	49618
3638000	122453	49622
3639000	122469	49631
3640000	122488	49642
3641000	122493	49638
3642000	122505	49638
3643000	122514	49642
3644000	122533	49653
3645000	122546	49661
3646000	122560	49663
3647000	122570	49664
3648000	122575	49662
3649000	122577	49662
3650000	122584	49661
3651000	122596	49666
3652000	122601	49664
3653000	122610	49660
3654000	122618	49658
3655000	122632	49662
3656000	122639	49657
3657000	122652	49661
3658000	122654	49657
3659000	122662	49650
3660000	122670	49650
3661000	122680	49654
3662000	122689	49656
3663000	122695	49657
3664000	122701	49662
3665000	122707	49666
3666000	122740	49685
3667000	122765	49699
3668000	122805	49722
3669000	122844	49746
3670000	122876	49764
3671000	122902	49778
3672000	122928	49786
3673000	122958	49802
3674000	122988	49817
3675000	123028	49844
3676000	123061	49865
3677000	123085	49877
3678000	123109	49892
3679000	123127	49900
3680000	123145	49909
3681000	123161	49917
3682000	123180	49930
3683000	123196	49942
3684000	123217	49954
3685000	123231	49963
3686000	123240	49971
3687000	123252	49977
3688000	123264	49987
3689000	123277	49990
3690000	123352	50031
3691000	123409	50057
3692000	123460	50081
3693000	123496	50098
3694000	123540	50120
3695000	123572	50129
3696000	123623	50154
3697000	123673	50180
3698000	123699	50183
3699000	123733	50200
3700000	123779	50226
3701000	123826	50259
3702000	123856	50270
3703000	123891	50286
3704000	123934	50306
3705000	123969	50321
3706000	124006	50344
3707000	124046	50367
3708000	124086	50391
3709000	124126	50406
3710000	124167	50433
3711000	124214	50449
3712000	124242	50463
3713000	124268	50477
3714000	124283	50484
3715000	124299	50490
3716000	124314	50497
3717000	124335	50508
3718000	124351	50512
3719000	124393	50539
3720000	124410	50545
3721000	124440	50562
3722000	124466	50578
3723000	124482	50579
3724000	124496	50587
3725000	124509	50594
3726000	124521	50602
3727000	124537	50601
3728000	124566	50616
3729000	124592	50632
3730000	124593	50633
3731000	124595	50631
3732000	124604	50628
3733000	124614	50634
3734000	124620	50637
3735000	124629	50643
3736000	124636	50648
3737000	124650	50652
3738000	124659	50653
3739000	124660	50651
3740000	124668	50656
3741000	124674	50654
3742000	124685	50659
3743000	124689	50660
3744000	124694	50664
3745000	124702	50661
3746000	124705	50664
3747000	124715	50669
3748000	124723	50672
3749000	124736	50679
3750000	124761	50692
3751000	124778	50696
3752000	124791	50699
3753000	124805	50704
3754000	124819	50712
3755000	124835	50716
3756000	124851	50723
3757000	124865	50726
3758000	124874	50730
3759000	124885	50738
3760000	124895	50743
3761000	124903	50750
3762000	124913	50756
3763000	124924	50763
3764000	124935	50762
3765000	124944	50767
3766000	124960	50778
3767000	124966	50781
3768000	124969	50784
3769000	124977	50788
3770000	124989	50796
3771000	124998	50799
3772000	125011	50808
3773000	125017	50809
3774000	125022	50810
3775000	125031	50808
3776000	125043	50815
3777000	125050	50811
3778000	125057	50812
3779000	125067	50819
3780000	125075	50818
3781000	125088	50818
3782000	125101	50821
3783000	125110	50823
3784000	125125	50826
3785000	125139	50833
3786000	125152	50840
3787000	125153	50839
3788000	125155	50840
3789000	125159	50840
3790000	125164	50841
3791000	125170	50844
3792000	125176	50846
3793000	125189	50850
3794000	125194	50851
3795000	125203	50851
3796000	125216	50852
3797000	125233	50861
3798000	125238	50864
3799000	125253	50867
3800000	125259	50869
3801000	125270	50875
3802000	125275	50878
3803000	125283	50883
3804000	125286	50883
3805000	125292	50886
3806000	125294	50884
3807000	125300	50881
3808000	125300	50874
3809000	125301	50869
3810000	125302	50867
3811000	125302	50862
3812000	125302	50858
3813000	125302	50857
3814000	125302	50857
3815000	125311	50865
3816000	125323	50867
3817000	125335	50874
3818000	125344	50878
3819000	125351	50879
3820000	125356	50884
3821000	125371	50894
3822000	125376	50895
3823000	125385	50898
3824000	125395	50905
3825000	125405	50910
3826000	125411	50915
3827000	125420	50919
3828000	125425	50918
3829000	125433	50924
3830000	125437	50924
3831000	125445	50928
3832000	125450	50930
3833000	125461	50937
3834000	125474	50941
3835000	125487	50942
3836000	125496	50944
3837000	125514	50955
3838000	125519	50958
3839000	125538	50971
3840000	125553	50975
3841000	125563	50981
3842000	125572	50983
3843000	125576	50982
3844000	125582	50983
3845000	125593	50989
3846000	125609	50996
3847000	125622	51001
3848000	125640	51000
3849000	125652	51007
3850000	125685	51027
3851000	125735	51062
3852000	125772	51085
3853000	125804	51092
3854000	125820	51102
3855000	125831	51108
3856000	125848	51120
3857000	125865	51133
3858000	125880	51141
3859000	125910	51153
3860000	125921	51159
3861000	125931	51165
3862000	125942	51168
3863000	125954	51174
3864000	125959	51173
3865000	125976	51185
3866000	125984	51189
3867000	126000	51198
3868000	126011	51200
3869000	126023	51207
3870000	126038	51216
3871000	126047	51219
3872000	126060	51224
3873000	126067	51227
3874000	126080	51233
3875000	126091	51241
3876000	126101	51247
3877000	126119	51255
3878000	126132	51261
3879000	126146	51268
3880000	126169	51278
3881000	126183	51279
3882000	126192	51280
3883000	126201	51284
3884000	126206	51284
3885000	126213	51281
3886000	126219	51281
3887000	126225	51276
3888000	126236	51281
3889000	126240	51279
3890000	126243	51276
3891000	126247	51276
3892000	126271	51290
3893000	126282	51293
3894000	126291	51286
3895000	126342	51324
3896000	126365	51328
3897000	126421	51346
3898000	126435	51341
3899000	126446	51340
3900000	126462	51343
3901000	126482	51354
3902000	126504	51367
3903000	126514	51371
3904000	126523	51372
3905000	126531	51374
3906000	126568	51393
3907000	126595	51410
3908000	126622	51428
3909000	126645	51438
3910000	126652	51436
3911000	126659	51435
3912000	126668	51433
3913000	126674	51429
3914000	126688	51431
3915000	126704	51436
3916000	126720	51446
3917000	126733	51452
3918000	126766	51472
3919000	126782	51482
3920000	126807	51497
3921000	126840	51517
3922000	126856	51522
3923000	126875	51532
3924000	126886	51537
3925000	126905	51546
3926000	126930	51562
3927000	126953	51568
3928000	126977	51578
3929000	126995	51588
3930000	127027	51607
3931000	127041	51616
3932000	127083	51645
3933000	127106	51661
3934000	127137	51677
3935000	127175	51697
3936000	127195	51713
3937000	127223	51726
3938000	127255	51750
3939000	127288	51763
3940000	127318	51782
3941000	127364	51813
3942000	127395	51826
3943000	127415	51829
3944000	127458	51855
3945000	127472	51857
3946000	127485	51858
3947000	127513	51874
3948000	127520	51874
3949000	127566	51908
3950000	127604	51931
3951000	127641	51945
3952000	127664	51950
3953000	127692	51959
3954000	127709	51958
3955000	127727	51960
3956000	127753	51973
3957000	127782	51990
3958000	127803	51996
3959000	127814	51996
3960000	127835	52006
3961000	127849	52010
3962000	127881	52026
3963000	127917	52037
3964000	127925	52037
3965000	127935	52042
3966000	127973	52061
3967000	128000	52072
3968000	128027	52090
3969000	128043	52100
3970000	128072	52115
3971000	128091	52120
3972000	128154	52157
3973000	128170	52162
3974000	128183	52164
3975000	128193	52165
3976000	128222	52169
3977000	128235	52172
3978000	128252	52178
3979000	128275	52193
3980000	128321	52222
3981000	128362	52252
3982000	128378	52252
3983000	128400	52266
3984000	128421	52277
3985000	128437	52284
3986000	128473	52313
3987000	128496	52328
3988000	128510	52328
3989000	128537	52336
3990000	128552	52332
3991000	128570	52334
3992000	128597	52338
3993000	128623	52352
3994000	128651	52373
3995000	128664	52368
3996000	128676	52370
3997000	128702	52387
3998000	128725	52388
3999000	128734	52392
4000000	128746	52397
4001000	128765	52407
4002000	128786	52420
4003000	128818	52434
4004000	128846	52452
4005000	128861	52459
4006000	128897	52479
4007000	128911	52481
4008000	128935	52497
4009000	128949	52505
4010000	128959	52507
4011000	128974	52513
4012000	128993	52515
4013000	129025	52529
4014000	129041	52530
4015000	129049	52531
4016000	129057	52528
4017000	129072	52537
4018000	129081	52537
4019000	129098	52548
4020000	129114	52557
4021000	129130	52568
4022000	129173	52591
4023000	129200	52600
4024000	129214	52601
4025000	129236	52617
4026000	129278	52639
4027000	129314	52643
4028000	129326	52643
4029000	129334	52636
4030000	129345	52643
4031000	129359	52651
4032000	129400	52679
4033000	129430	52691
4034000	129443	52695
4035000	129469	52702
4036000	129483	52705
4037000	129528	52731
4038000	129551	52742
4039000	129573	52754
4040000	129587	52752
4041000	129620	52772
4042000	129663	52795
4043000	129679	52800
4044000	129707	52817
4045000	129719	52823
4046000	129744	52831
4047000	129760	52840
4048000	129780	52840
4049000	129799	52852
4050000	129824	52868
4051000	129851	52878
4052000	129885	52900
4053000	129901	52903
4054000	129932	52920
4055000	129965	52938
4056000	129976	52938
4057000	129991	52934
4058000	130010	52942
4059000	130030	52948
4060000	130059	52960
4061000	130078	52968
4062000	130092	52977
4063000	130102	52977
4064000	130122	52989
4065000	130158	53007
4066000	130158	52996
4067000	130159	52985
4068000	130159	52970
4069000	130160	52954
4070000	130162	52932
4071000	130175	52919
4072000	130175	52911
4073000	130178	52897
4074000	130178	52870
4075000	130181	52865
4076000	130181	52858
4077000	130182	52849
4078000	130183	52837
4079000	130185	52817
4080000	130186	52804
4081000	130186	52790
4082000	130186	52784
4083000	130187	52769
4084000	130199	52744
4085000	130209	52747
4086000	130225	52752
4087000	130245	52766
4088000	130266	52775
4089000	130295	52794
4090000	130324	52815
4091000	130339	52815
4092000	130356	52821
4093000	130380	52836
4094000	130422	52863
4095000	130437	52867
4096000	130465	52881
4097000	130486	52882
4098000	130526	52907
4099000	130545	52916
4100000	130564	52924
4101000	130579	52933
4102000	130616	52964
4103000	130643	52984
4104000	130655	52994
4105000	130688	53020
4106000	130716	53041
4107000	130760	53062
4108000	130805	53090
4109000	130837	53105
4110000	130869	53122
4111000	130886	53128
4112000	130902	53139
4113000	130927	53155
4114000	130947	53171
4115000	130959	53166
4116000	130986	53181
4117000	131018	53199
4118000	131042	53216
4119000	131070	53230
4120000	131128	53262
4121000	131193	53311
4122000	131228	53327
4123000	131257	53345
4124000	131306	53377
4125000	131314	53377
4126000	131362	53406
4127000	131404	53426
4128000	131445	53454
4129000	131478	53467
4130000	131509	53486
4131000	131545	53500
4132000	131592	53532
4133000	131635	53563
4134000	131682	53591
4135000	131735	53618
4136000	131788	53648
4137000	131818	53666
4138000	131859	53694
4139000	131885	53701
4140000	131921	53723
4141000	131962	53746
4142000	131978	53752
4143000	132006	53765
4144000	132055	53783
4145000	132092	53802
4146000	132128	53827
4147000	132174	53855
4148000	132208	53871
4149000	132253	53900
4150000	132288	53923
4151000	132304	53927
4152000	132344	53955
4153000	132380	53969
4154000	132410	53988
4155000	132442	54005
4156000	132470	54014
4157000	132496	54030
4158000	132530	54046
4159000	132573	54072
4160000	132599	54085
4161000	132631	54100
4162000	132669	54124
4163000	132702	54145
4164000	132753	54182
4165000	132785	54199
4166000	132844	54241
4167000	132875	54250
4168000	132913	54270
4169000	132937	54281
4170000	132977	54304
4171000	133007	54320
4172000	133032	54328
4173000	133058	54340
4174000	133102	54370
4175000	133140	54388
4176000	133160	54392
4177000	133181	54404
4178000	133190	54409
4179000	133203	54410
4180000	133212	54413
4181000	133215	54407
4182000	133218	54408
4183000	133236	54415
4184000	133251	54421
4185000	133264	54426
4186000	133272	54426
4187000	133278	54427
4188000	133291	54430
4189000	133302	54434
4190000	133308	54430
4191000	133311	54430
4192000	133320	54435
4193000	133333	54443
4194000	133341	54445
4195000	133354	54448
4196000	133394	54475
4197000	133426	54500
4198000	133445	54509
4199000	133456	54513
4200000	133496	54536
4201000	133519	54554
4202000	133536	54558
4203000	133564	54573
4204000	133578	54584
4205000	133590	54594
4206000	133601	54600
4207000	133611	54605
4208000	133621	54611
4209000	133635	54619
4210000	133654	54627
4211000	133672	54638
4212000	133682	54643
4213000	133689	54647
4214000	133697	54646
4215000	133722	54660
4216000	133729	54663
4217000	133737	54663
4218000	133744	54659
4219000	133757	54665
4220000	133762	54661
4221000	133781	54668
4222000	133806	54676
4223000	133811	54674
4224000	133816	54673
4225000	133817	54673
4226000	133824	54677
4227000	133830	54675
4228000	133850	54680
4229000	133863	54689
4230000	133869	54689
4231000	133874	54690
4232000	133887	54695
4233000	133900	54703
4234000	133903	54700
4235000	133911	54701
4236000	133919	54699
4237000	133932	54704
4238000	133947	54703
4239000	133962	54704
4240000	133973	54709
4241000	133987	54716
4242000	133998	54723
4243000	134003	54724
4244000	134010	54727
4245000	134019	54735
4246000	134027	54735
4247000	134036	54734
4248000	134044	54738
4249000	134055	54746
4250000	134071	54756
4251000	134090	54761
4252000	134105	54766
4253000	134118	54773
4254000	134127	54780
4255000	134130	54780
4256000	134138	54781
4257000	134144	54784
4258000	134155	54791
4259000	134167	54795
4260000	134181	54801
4261000	134190	54800
4262000	134205	54808
4263000	134228	54816
4264000	134240	54820
4265000	134244	54821
4266000	134246	54821
4267000	134250	54820
4268000	134251	54820
4269000	134261	54826
4270000	134262	54825
4271000	134265	54825
4272000	134268	54826
4273000	134284	54831
4274000	134296	54837
4275000	134307	54845
4276000	134312	54842
4277000	134319	54847
4278000	134337	54856
4279000	134350	54860
4280000	134371	54871
4281000	134385	54872
4282000	134401	54877
4283000	134405	54876
4284000	134415	54881
4285000	134434	54890
4286000	134444	54895
4287000	134450	54893
4288000	134453	54893
4289000	134465	54900
4290000	134477	54904
4291000	134504	54928
4292000	134514	54931
4293000	134519	54928
4294000	134527	54934
4295000	134528	54932
4296000	134534	54934
4297000	134541	54934
4298000	134549	54938
4299000	134554	54940
4300000	134560	54940
4301000	134565	54942
4302000	134573	54947
4303000	134574	54947
4304000	134576	54947
4305000	134581	54951
4306000	134591	54959
4307000	134600	54961
4308000	134605	54957
4309000	134618	54963
4310000	134640	54968
4311000	134655	54973
4312000	134665	54979
4313000	134675	54983
4314000	134676	54983
4315000	134682	54983
4316000	134688	54987
4317000	134697	54989
4318000	134707	54994
4319000	134718	55000
4320000	134726	55001
4321000	134734	55005
4322000	134752	55017
4323000	134775	55026
4324000	134787	55030
4325000	134792	55031
4326000	134798	55033
4327000	134819	55042
4328000	134834	55043
4329000	134847	55049
4330000	134855	55050
4331000	134861	55053
4332000	134875	55057
4333000	134893	55067
4334000	134904	55071
4335000	134918	55083
4336000	134933	55091
4337000	134953	55096
4338000	134975	55109
4339000	134990	55111
4340000	135001	55119
4341000	135010	55121
4342000	135016	55126
4343000	135039	55131
4344000	135054	55139
4345000	135070	55145
4346000	135078	55147
4347000	135087	55139
4348000	135103	55144
4349000	135111	55145
4350000	135117	55144
4351000	135130	55153
4352000	135137	55153
4353000	135153	55162
4354000	135174	55164
4355000	135187	55168
4356000	135195	55175
4357000	135198	55175
4358000	135205	55176
4359000	135212	55180
4360000	135222	55187
4361000	135235	55191
4362000	135248	55198
4363000	135257	55201
4364000	135262	55196
4365000	135265	55194
4366000	135280	55203
4367000	135285	55207
4368000	135293	55212
4369000	135299	55211
4370000	135313	55223
4371000	135327	55228
4372000	135351	55242
4373000	135370	55253
4374000	135387	55264
4375000	135409	55276
4376000	135423	55285
4377000	135437	55294
4378000	135454	55303
4379000	135465	55310
4380000	135478	55320
4381000	135496	55331
4382000	135523	55354
4383000	135531	55355
4384000	135554	55361
4385000	135568	55364
4386000	135580	55369
4387000	135594	55380
4388000	135601	55380
4389000	135612	55384
4390000	135627	55388
4391000	135640	55394
4392000	135657	55402
4393000	135685	55410
4394000	135695	55412
4395000	135709	55419
4396000	135734	55434
4397000	135741	55435
4398000	135756	55446
4399000	135767	55449
4400000	135773	55449
4401000	135786	55455
4402000	135799	55461
4403000	135814	55468
4404000	135825	55473
4405000	135832	55472
4406000	135842	55475
4407000	135853	55477
4408000	135863	55479
4409000	135870	55482
4410000	135880	55487
4411000	135883	55487
4412000	135893	55495
4413000	135897	55499
4414000	135900	55502
4415000	135911	55504
4416000	135924	55511
4417000	135933	55511
4418000	135942	55515
4419000	135950	55519
4420000	135953	55520
4421000	135970	55530
4422000	135976	55535
4423000	135989	55540
4424000	136009	55551
4425000	136030	55565
4426000	136051	55578
4427000	136081	55591
4428000	136099	55604
4429000	136106	55605
4430000	136115	55609
4431000	136122	55608
4432000	136144	55620
4433000	136155	55625
4434000	136173	55631
4435000	136189	55643
4436000	136200	55646
4437000	136212	55649
4438000	136221	55654
4439000	136239	55659
4440000	136246	55660
4441000	136258	55665
4442000	136283	55680
4443000	136308	55691
4444000	136331	55703
4445000	136354	55710
4446000	136363	55716
4447000	136380	55723
4448000	136387	55728
4449000	136398	55732
4450000	136405	55737
4451000	136412	55739
4452000	136414	55736
4453000	136423	55740
4454000	136439	55745
4455000	136447	55747
4456000	136453	55749
4457000	136463	55751
4458000	136481	55763
4459000	136486	55764
4460000	136489	55764
4461000	136494	55764
4462000	136502	55764
4463000	136519	55776
4464000	136532	55781
4465000	136564	55806
4466000	136568	55806
4467000	136576	55809
4468000	136582	55814
4469000	136597	55818
4470000	136603	55812
4471000	136610	55807
4472000	136623	55813
4473000	136639	55821
4474000	136662	55838
4475000	136673	55842
4476000	136685	55850
4477000	136698	55856
4478000	136708	55860
4479000	136711	55861
4480000	136722	55863
4481000	136731	55870
4482000	136741	55877
4483000	136759	55888
4484000	136767	55889
4485000	136783	55894
4486000	136793	55899
4487000	136804	55905
4488000	136816	55909
4489000	136836	55923
4490000	136849	55927
4491000	136857	55929
4492000	136864	55932
4493000	136872	55932
4494000	136882	55932
4495000	136891	55937
4496000	136900	55938
4497000	136911	55941
4498000	136917	55944
4499000	136926	55949
4500000	136933	55952
4501000	136934	55946
4502000	136937	55944
4503000	136946	55951
4504000	136952	55951
4505000	136956	55951
4506000	136964	55955
4507000	136985	55964
4508000	136991	55968
4509000	137003	55972
4510000	137007	55972
4511000	137011	55975
4512000	137018	55978
4513000	137031	55977
4514000	137041	55983
4515000	137056	55988
4516000	137063	55993
4517000	137075	55996
4518000	137094	56009
4519000	137101	56010
4520000	137113	56017
4521000	137121	56019
4522000	137125	56019
4523000	137130	56020
4524000	137140	56020
4525000	137146	56023
4526000	137154	56027
4527000	137162	56030
4528000	137183	56041
4529000	137189	56044
4530000	137221	56066
4531000	137233	56071
4532000	137247	56080
4533000	137260	56087
4534000	137276	56098
4535000	137290	56105
4536000	137301	56111
4537000	137307	56108
4538000	137318	56114
4539000	137332	56115
4540000	137338	56118
4541000	137347	56125
4542000	137351	56120
4543000	137354	56123
4544000	137359	56125
4545000	137363	56127
4546000	137373	56135
4547000	137376	56136
4548000	137384	56139
4549000	137385	56138
4550000	137392	56142
4551000	137398	56145
4552000	137407	56153
4553000	137413	56157
4554000	137415	56158
4555000	137417	56158
4556000	137421	56158
4557000	137424	56160
4558000	137430	56162
4559000	137439	56165
4560000	137441	56162
4561000	137442	56163
4562000	137454	56171
4563000	137459	56171
4564000	137460	56170
4565000	137463	56173
4566000	137471	56167
4567000	137484	56174
4568000	137492	56176
4569000	137501	56181
4570000	137503	56182
4571000	137505	56182
4572000	137509	56183
4573000	137510	56182
4574000	137515	56184
4575000	137520	56185
4576000	137521	56186
4577000	137524	56187
4578000	137532	56191
4579000	137536	56192
4580000	137541	56195
4581000	137546	56192
4582000	137551	56194
4583000	137556	56192
4584000	137560	56193
4585000	137560	56192
4586000	137562	56193
4587000	137567	56193
4588000	137569	56193
4589000	137573	56196
4590000	137591	56206
4591000	137592	56202
4592000	137596	56201
4593000	137598	56201
4594000	137599	56199
4595000	137604	56200
4596000	137609	56205
4597000	137613	56204
4598000	137616	56206
4599000	137626	56209
4600000	137630	56205
4601000	137633	56201
4602000	137634	56199
4603000	137638	56200
4604000	137644	56204
4605000	137653	56210
4606000	137654	56207
4607000	137657	56209
4608000	137666	56214
4609000	137667	56211
4610000	137674	56211
4611000	137677	56209
4612000	137677	56206
4613000	137678	56204
4614000	137688	56209
4615000	137694	56209
4616000	137696	56207
4617000	137697	56201
4618000	137698	56201
4619000	137700	56199
4620000	137700	56197
4621000	137703	56197
4622000	137704	56195
4623000	137711	56200
4624000	137715	56201
4625000	137722	56202
4626000	137723	56197
4627000	137724	56196
4628000	137730	56197
4629000	137742	56204
4630000	137746	56204
4631000	137747	56203
4632000	137751	56203
4633000	137754	56204
4634000	137757	56206
4635000	137761	56209
4636000	137766	56213
4637000	137771	56212
4638000	137775	56209
4639000	137780	56209
4640000	137781	56208
4641000	137784	56207
4642000	137792	56208
4643000	137796	56210
4644000	137800	56212
4645000	137801	56213
4646000	137803	56212
4647000	137808	56215
4648000	137819	56220
4649000	137824	56223
4650000	137834	56229
4651000	137842	56232
4652000	137853	56240
4653000	137855	56238
4654000	137857	56234
4655000	137863	56236
4656000	137866	56237
4657000	137868	56238
4658000	137868	56237
4659000	137870	56237
4660000	137879	56240
4661000	137886	56244
4662000	137890	56243
4663000	137912	56251
4664000	137941	56256
4665000	137969	56264
4666000	137999	56280
4668000	138039	56293
4669000	138059	56305
4670000	138066	56304
4671000	138074	56303
4672000	138086	56312
4673000	138104	56315
4674000	138121	56323
4675000	138138	56334
4676000	138153	56342
4677000	138160	56345
4678000	138164	56344
4679000	138176	56347
4680000	138181	56344
4681000	138183	56342
4682000	138206	56362
4683000	138258	56394
4684000	138307	56414
4685000	138340	56441
4686000	138359	56452
4687000	138368	56457
4688000	138394	56478
4689000	138412	56490
4690000	138430	56497
4691000	138471	56524
4692000	138513	56551
4693000	138578	56592
4694000	138626	56618
4695000	138652	56632
4696000	138689	56652
4697000	138766	56703
4698000	138797	56717
4699000	138838	56734
4700000	138868	56744
4701000	138909	56763
4702000	138931	56768
4703000	138959	56776
4704000	138991	56781
4705000	139016	56794
4706000	139030	56802
4707000	139051	56812
4708000	139060	56813
4709000	139098	56825
4710000	139123	56843
4711000	139143	56850
4712000	139179	56865
4713000	139208	56883
4714000	139230	56892
4715000	139243	56899
4716000	139247	56901
4717000	139253	56907
4718000	139257	56909
4719000	139268	56908
4720000	139312	56932
4721000	139336	56935
4722000	139361	56943
4723000	139397	56959
4724000	139419	56969
4725000	139421	56961
4726000	139424	56954
4727000	139427	56947
4728000	139440	56946
4729000	139463	56960
4730000	139484	56970
4731000	139517	56987
4732000	139536	56995
4733000	139555	57008
4734000	139583	57023
4735000	139601	57034
4736000	139605	57037
4737000	139608	57038
4738000	139617	57042
4739000	139619	57042
4740000	139625	57045
4741000	139638	57051
4742000	139647	57052
4743000	139662	57059
4744000	139674	57064
4745000	139693	57069
4746000	139701	57070
4747000	139708	57075
4748000	139719	57080
4749000	139732	57085
4750000	139750	57092
4751000	139768	57096
4752000	139789	57105
4753000	139813	57112
4754000	139856	57142
4755000	139906	57167
4756000	139959	57189
4757000	139995	57211
4758000	140007	57214
4759000	140025	57217
4760000	140055	57227
4761000	140075	57235
4762000	140096	57246
4763000	140114	57256
4764000	140119	57257
4765000	140126	57259
4766000	140134	57261
4767000	140140	57264
4768000	140145	57267
4769000	140156	57273
4770000	140167	57282
4771000	140184	57290
4772000	140190	57291
4773000	140203	57300
4774000	140211	57304
4775000	140216	57307
4776000	140220	57308
4777000	140221	57299
4778000	140228	57303
4779000	140232	57305
4780000	140236	57304
4781000	140239	57304
4782000	140243	57307
4783000	140244	57307
4784000	140246	57309
4785000	140246	57307
4786000	140254	57312
4787000	140262	57317
4788000	140263	57311
4789000	140267	57312
4790000	140273	57310
4791000	140279	57313
4792000	140281	57313
4793000	140281	57311
4794000	140283	57311
4795000	140284	57305
4796000	140284	57304
4797000	140284	57304
4798000	140287	57307
4799000	140288	57307
4800000	140292	57308
4801000	140293	57309
4802000	140295	57309
4803000	140299	57311
4804000	140301	57313
4805000	140304	57313
4806000	140308	57316
4807000	140309	57316
4808000	140317	57318
4809000	140319	57318
4810000	140320	57318
4811000	140323	57320
4812000	140326	57322
4813000	140329	57324
4814000	140336	57325
4815000	140345	57329
4816000	140347	57327
4817000	140353	57330
4818000	140358	57332
4819000	140361	57333
4820000	140363	57332
4821000	140365	57329
4822000	140367	57329
4823000	140371	57329
4824000	140385	57332
4825000	140403	57339
4826000	140429	57352
4827000	140455	57365
4828000	140479	57377
4829000	140499	57386
4830000	140514	57388
4831000	140545	57402
4832000	140560	57405
4833000	140574	57417
4834000	140588	57425
4835000	140616	57439
4836000	140645	57450
4837000	140652	57447
4838000	140664	57451
4839000	140701	57475
4840000	140740	57499
4841000	140756	57504
4842000	140784	57518
4843000	140787	57519
4844000	140805	57525
4845000	140831	57541
4846000	140869	57556
4847000	140901	57568
4848000	140927	57569
4849000	140930	57567
4850000	140938	57571
4851000	140943	57572
4852000	140946	57573
4853000	140950	57575
4854000	140957	57577
4855000	140964	57576
4856000	140984	57584
4857000	140999	57580
4858000	141017	57592